Boolean,1,DataType
SByte,2,DataType
Byte,3,DataType
Int16,4,DataType
UInt16,5,DataType
Int32,6,DataType
UInt32,7,DataType
Int64,8,DataType
UInt64,9,DataType
Float,10,DataType
Double,11,DataType
String,12,DataType
DateTime,13,DataType
Guid,14,DataType
ByteString,15,DataType
XmlElement,16,DataType
NodeId,17,DataType
ExpandedNodeId,18,DataType
StatusCode,19,DataType
QualifiedName,20,DataType
LocalizedText,21,DataType
Structure,22,DataType
DataValue,23,DataType
BaseDataType,24,DataType
DiagnosticInfo,25,DataType
Number,26,DataType
Integer,27,DataType
UInteger,28,DataType
Enumeration,29,DataType
Image,30,DataType
References,31,ReferenceType
NonHierarchicalReferences,32,ReferenceType
HierarchicalReferences,33,ReferenceType
HasChild,34,ReferenceType
Organizes,35,ReferenceType
HasEventSource,36,ReferenceType
HasModellingRule,37,ReferenceType
HasEncoding,38,ReferenceType
HasDescription,39,ReferenceType
HasTypeDefinition,40,ReferenceType
GeneratesEvent,41,ReferenceType
Aggregates,44,ReferenceType
HasSubtype,45,ReferenceType
HasProperty,46,ReferenceType
HasComponent,47,ReferenceType
HasNotifier,48,ReferenceType
HasOrderedComponent,49,ReferenceType
FromState,51,ReferenceType
ToState,52,ReferenceType
HasCause,53,ReferenceType
HasEffect,54,ReferenceType
HasHistoricalConfiguration,56,ReferenceType
BaseObjectType,58,ObjectType
FolderType,61,ObjectType
BaseVariableType,62,VariableType
BaseDataVariableType,63,VariableType
PropertyType,68,VariableType
DataTypeDescriptionType,69,VariableType
DataTypeDictionaryType,72,VariableType
DataTypeSystemType,75,ObjectType
DataTypeEncodingType,76,ObjectType
ModellingRuleType,77,ObjectType
ModellingRule_Mandatory,78,Object
ModellingRule_MandatoryShared,79,Object
ModellingRule_Optional,80,Object
ModellingRule_ExposesItsArray,83,Object
RootFolder,84,Object
ObjectsFolder,85,Object
TypesFolder,86,Object
ViewsFolder,87,Object
ObjectTypesFolder,88,Object
VariableTypesFolder,89,Object
DataTypesFolder,90,Object
ReferenceTypesFolder,91,Object
XmlSchema_TypeSystem,92,Object
OPCBinarySchema_TypeSystem,93,Object
DataTypeDescriptionType_DataTypeVersion,104,Variable
DataTypeDescriptionType_DictionaryFragment,105,Variable
DataTypeDictionaryType_DataTypeVersion,106,Variable
DataTypeDictionaryType_NamespaceUri,107,Variable
ModellingRuleType_NamingRule,111,Variable
ModellingRule_Mandatory_NamingRule,112,Variable
ModellingRule_Optional_NamingRule,113,Variable
ModellingRule_ExposesItsArray_NamingRule,114,Variable
ModellingRule_MandatoryShared_NamingRule,116,Variable
HasSubStateMachine,117,ReferenceType
NamingRuleType,120,DataType
IdType,256,DataType
NodeClass,257,DataType
Node,258,DataType
Node_Encoding_DefaultXml,259,Object
Node_Encoding_DefaultBinary,260,Object
ObjectNode,261,DataType
ObjectNode_Encoding_DefaultXml,262,Object
ObjectNode_Encoding_DefaultBinary,263,Object
ObjectTypeNode,264,DataType
ObjectTypeNode_Encoding_DefaultXml,265,Object
ObjectTypeNode_Encoding_DefaultBinary,266,Object
VariableNode,267,DataType
VariableNode_Encoding_DefaultXml,268,Object
VariableNode_Encoding_DefaultBinary,269,Object
VariableTypeNode,270,DataType
VariableTypeNode_Encoding_DefaultXml,271,Object
VariableTypeNode_Encoding_DefaultBinary,272,Object
ReferenceTypeNode,273,DataType
ReferenceTypeNode_Encoding_DefaultXml,274,Object
ReferenceTypeNode_Encoding_DefaultBinary,275,Object
MethodNode,276,DataType
MethodNode_Encoding_DefaultXml,277,Object
MethodNode_Encoding_DefaultBinary,278,Object
ViewNode,279,DataType
ViewNode_Encoding_DefaultXml,280,Object
ViewNode_Encoding_DefaultBinary,281,Object
DataTypeNode,282,DataType
DataTypeNode_Encoding_DefaultXml,283,Object
DataTypeNode_Encoding_DefaultBinary,284,Object
ReferenceNode,285,DataType
ReferenceNode_Encoding_DefaultXml,286,Object
ReferenceNode_Encoding_DefaultBinary,287,Object
IntegerId,288,DataType
Counter,289,DataType
Duration,290,DataType
NumericRange,291,DataType
Time,292,DataType
Date,293,DataType
UtcTime,294,DataType
LocaleId,295,DataType
Argument,296,DataType
Argument_Encoding_DefaultXml,297,Object
Argument_Encoding_DefaultBinary,298,Object
StatusResult,299,DataType
StatusResult_Encoding_DefaultXml,300,Object
StatusResult_Encoding_DefaultBinary,301,Object
MessageSecurityMode,302,DataType
UserTokenType,303,DataType
UserTokenPolicy,304,DataType
UserTokenPolicy_Encoding_DefaultXml,305,Object
UserTokenPolicy_Encoding_DefaultBinary,306,Object
ApplicationType,307,DataType
ApplicationDescription,308,DataType
ApplicationDescription_Encoding_DefaultXml,309,Object
ApplicationDescription_Encoding_DefaultBinary,310,Object
ApplicationInstanceCertificate,311,DataType
EndpointDescription,312,DataType
EndpointDescription_Encoding_DefaultXml,313,Object
EndpointDescription_Encoding_DefaultBinary,314,Object
SecurityTokenRequestType,315,DataType
UserIdentityToken,316,DataType
UserIdentityToken_Encoding_DefaultXml,317,Object
UserIdentityToken_Encoding_DefaultBinary,318,Object
AnonymousIdentityToken,319,DataType
AnonymousIdentityToken_Encoding_DefaultXml,320,Object
AnonymousIdentityToken_Encoding_DefaultBinary,321,Object
UserNameIdentityToken,322,DataType
UserNameIdentityToken_Encoding_DefaultXml,323,Object
UserNameIdentityToken_Encoding_DefaultBinary,324,Object
X509IdentityToken,325,DataType
X509IdentityToken_Encoding_DefaultXml,326,Object
X509IdentityToken_Encoding_DefaultBinary,327,Object
EndpointConfiguration,331,DataType
EndpointConfiguration_Encoding_DefaultXml,332,Object
EndpointConfiguration_Encoding_DefaultBinary,333,Object
ComplianceLevel,334,DataType
SupportedProfile,335,DataType
SupportedProfile_Encoding_DefaultXml,336,Object
SupportedProfile_Encoding_DefaultBinary,337,Object
BuildInfo,338,DataType
BuildInfo_Encoding_DefaultXml,339,Object
BuildInfo_Encoding_DefaultBinary,340,Object
SoftwareCertificate,341,DataType
SoftwareCertificate_Encoding_DefaultXml,342,Object
SoftwareCertificate_Encoding_DefaultBinary,343,Object
SignedSoftwareCertificate,344,DataType
SignedSoftwareCertificate_Encoding_DefaultXml,345,Object
SignedSoftwareCertificate_Encoding_DefaultBinary,346,Object
AttributeWriteMask,347,DataType
NodeAttributesMask,348,DataType
NodeAttributes,349,DataType
NodeAttributes_Encoding_DefaultXml,350,Object
NodeAttributes_Encoding_DefaultBinary,351,Object
ObjectAttributes,352,DataType
ObjectAttributes_Encoding_DefaultXml,353,Object
ObjectAttributes_Encoding_DefaultBinary,354,Object
VariableAttributes,355,DataType
VariableAttributes_Encoding_DefaultXml,356,Object
VariableAttributes_Encoding_DefaultBinary,357,Object
MethodAttributes,358,DataType
MethodAttributes_Encoding_DefaultXml,359,Object
MethodAttributes_Encoding_DefaultBinary,360,Object
ObjectTypeAttributes,361,DataType
ObjectTypeAttributes_Encoding_DefaultXml,362,Object
ObjectTypeAttributes_Encoding_DefaultBinary,363,Object
VariableTypeAttributes,364,DataType
VariableTypeAttributes_Encoding_DefaultXml,365,Object
VariableTypeAttributes_Encoding_DefaultBinary,366,Object
ReferenceTypeAttributes,367,DataType
ReferenceTypeAttributes_Encoding_DefaultXml,368,Object
ReferenceTypeAttributes_Encoding_DefaultBinary,369,Object
DataTypeAttributes,370,DataType
DataTypeAttributes_Encoding_DefaultXml,371,Object
DataTypeAttributes_Encoding_DefaultBinary,372,Object
ViewAttributes,373,DataType
ViewAttributes_Encoding_DefaultXml,374,Object
ViewAttributes_Encoding_DefaultBinary,375,Object
AddNodesItem,376,DataType
AddNodesItem_Encoding_DefaultXml,377,Object
AddNodesItem_Encoding_DefaultBinary,378,Object
AddReferencesItem,379,DataType
AddReferencesItem_Encoding_DefaultXml,380,Object
AddReferencesItem_Encoding_DefaultBinary,381,Object
DeleteNodesItem,382,DataType
DeleteNodesItem_Encoding_DefaultXml,383,Object
DeleteNodesItem_Encoding_DefaultBinary,384,Object
DeleteReferencesItem,385,DataType
DeleteReferencesItem_Encoding_DefaultXml,386,Object
DeleteReferencesItem_Encoding_DefaultBinary,387,Object
SessionAuthenticationToken,388,DataType
RequestHeader,389,DataType
RequestHeader_Encoding_DefaultXml,390,Object
RequestHeader_Encoding_DefaultBinary,391,Object
ResponseHeader,392,DataType
ResponseHeader_Encoding_DefaultXml,393,Object
ResponseHeader_Encoding_DefaultBinary,394,Object
ServiceFault,395,DataType
ServiceFault_Encoding_DefaultXml,396,Object
ServiceFault_Encoding_DefaultBinary,397,Object
EnumeratedTestType,398,DataType
ScalarTestType,399,DataType
ScalarTestType_Encoding_DefaultXml,400,Object
ScalarTestType_Encoding_DefaultBinary,401,Object
ArrayTestType,402,DataType
ArrayTestType_Encoding_DefaultXml,403,Object
ArrayTestType_Encoding_DefaultBinary,404,Object
CompositeTestType,405,DataType
CompositeTestType_Encoding_DefaultXml,406,Object
CompositeTestType_Encoding_DefaultBinary,407,Object
TestStackRequest,408,DataType
TestStackRequest_Encoding_DefaultXml,409,Object
TestStackRequest_Encoding_DefaultBinary,410,Object
TestStackResponse,411,DataType
TestStackResponse_Encoding_DefaultXml,412,Object
TestStackResponse_Encoding_DefaultBinary,413,Object
TestStackExRequest,414,DataType
TestStackExRequest_Encoding_DefaultXml,415,Object
TestStackExRequest_Encoding_DefaultBinary,416,Object
TestStackExResponse,417,DataType
TestStackExResponse_Encoding_DefaultXml,418,Object
TestStackExResponse_Encoding_DefaultBinary,419,Object
FindServersRequest,420,DataType
FindServersRequest_Encoding_DefaultXml,421,Object
FindServersRequest_Encoding_DefaultBinary,422,Object
FindServersResponse,423,DataType
FindServersResponse_Encoding_DefaultXml,424,Object
FindServersResponse_Encoding_DefaultBinary,425,Object
GetEndpointsRequest,426,DataType
GetEndpointsRequest_Encoding_DefaultXml,427,Object
GetEndpointsRequest_Encoding_DefaultBinary,428,Object
GetEndpointsResponse,429,DataType
GetEndpointsResponse_Encoding_DefaultXml,430,Object
GetEndpointsResponse_Encoding_DefaultBinary,431,Object
RegisteredServer,432,DataType
RegisteredServer_Encoding_DefaultXml,433,Object
RegisteredServer_Encoding_DefaultBinary,434,Object
RegisterServerRequest,435,DataType
RegisterServerRequest_Encoding_DefaultXml,436,Object
RegisterServerRequest_Encoding_DefaultBinary,437,Object
RegisterServerResponse,438,DataType
RegisterServerResponse_Encoding_DefaultXml,439,Object
RegisterServerResponse_Encoding_DefaultBinary,440,Object
ChannelSecurityToken,441,DataType
ChannelSecurityToken_Encoding_DefaultXml,442,Object
ChannelSecurityToken_Encoding_DefaultBinary,443,Object
OpenSecureChannelRequest,444,DataType
OpenSecureChannelRequest_Encoding_DefaultXml,445,Object
OpenSecureChannelRequest_Encoding_DefaultBinary,446,Object
OpenSecureChannelResponse,447,DataType
OpenSecureChannelResponse_Encoding_DefaultXml,448,Object
OpenSecureChannelResponse_Encoding_DefaultBinary,449,Object
CloseSecureChannelRequest,450,DataType
CloseSecureChannelRequest_Encoding_DefaultXml,451,Object
CloseSecureChannelRequest_Encoding_DefaultBinary,452,Object
CloseSecureChannelResponse,453,DataType
CloseSecureChannelResponse_Encoding_DefaultXml,454,Object
CloseSecureChannelResponse_Encoding_DefaultBinary,455,Object
SignatureData,456,DataType
SignatureData_Encoding_DefaultXml,457,Object
SignatureData_Encoding_DefaultBinary,458,Object
CreateSessionRequest,459,DataType
CreateSessionRequest_Encoding_DefaultXml,460,Object
CreateSessionRequest_Encoding_DefaultBinary,461,Object
CreateSessionResponse,462,DataType
CreateSessionResponse_Encoding_DefaultXml,463,Object
CreateSessionResponse_Encoding_DefaultBinary,464,Object
ActivateSessionRequest,465,DataType
ActivateSessionRequest_Encoding_DefaultXml,466,Object
ActivateSessionRequest_Encoding_DefaultBinary,467,Object
ActivateSessionResponse,468,DataType
ActivateSessionResponse_Encoding_DefaultXml,469,Object
ActivateSessionResponse_Encoding_DefaultBinary,470,Object
CloseSessionRequest,471,DataType
CloseSessionRequest_Encoding_DefaultXml,472,Object
CloseSessionRequest_Encoding_DefaultBinary,473,Object
CloseSessionResponse,474,DataType
CloseSessionResponse_Encoding_DefaultXml,475,Object
CloseSessionResponse_Encoding_DefaultBinary,476,Object
CancelRequest,477,DataType
CancelRequest_Encoding_DefaultXml,478,Object
CancelRequest_Encoding_DefaultBinary,479,Object
CancelResponse,480,DataType
CancelResponse_Encoding_DefaultXml,481,Object
CancelResponse_Encoding_DefaultBinary,482,Object
AddNodesResult,483,DataType
AddNodesResult_Encoding_DefaultXml,484,Object
AddNodesResult_Encoding_DefaultBinary,485,Object
AddNodesRequest,486,DataType
AddNodesRequest_Encoding_DefaultXml,487,Object
AddNodesRequest_Encoding_DefaultBinary,488,Object
AddNodesResponse,489,DataType
AddNodesResponse_Encoding_DefaultXml,490,Object
AddNodesResponse_Encoding_DefaultBinary,491,Object
AddReferencesRequest,492,DataType
AddReferencesRequest_Encoding_DefaultXml,493,Object
AddReferencesRequest_Encoding_DefaultBinary,494,Object
AddReferencesResponse,495,DataType
AddReferencesResponse_Encoding_DefaultXml,496,Object
AddReferencesResponse_Encoding_DefaultBinary,497,Object
DeleteNodesRequest,498,DataType
DeleteNodesRequest_Encoding_DefaultXml,499,Object
DeleteNodesRequest_Encoding_DefaultBinary,500,Object
DeleteNodesResponse,501,DataType
DeleteNodesResponse_Encoding_DefaultXml,502,Object
DeleteNodesResponse_Encoding_DefaultBinary,503,Object
DeleteReferencesRequest,504,DataType
DeleteReferencesRequest_Encoding_DefaultXml,505,Object
DeleteReferencesRequest_Encoding_DefaultBinary,506,Object
DeleteReferencesResponse,507,DataType
DeleteReferencesResponse_Encoding_DefaultXml,508,Object
DeleteReferencesResponse_Encoding_DefaultBinary,509,Object
BrowseDirection,510,DataType
ViewDescription,511,DataType
ViewDescription_Encoding_DefaultXml,512,Object
ViewDescription_Encoding_DefaultBinary,513,Object
BrowseDescription,514,DataType
BrowseDescription_Encoding_DefaultXml,515,Object
BrowseDescription_Encoding_DefaultBinary,516,Object
BrowseResultMask,517,DataType
ReferenceDescription,518,DataType
ReferenceDescription_Encoding_DefaultXml,519,Object
ReferenceDescription_Encoding_DefaultBinary,520,Object
ContinuationPoint,521,DataType
BrowseResult,522,DataType
BrowseResult_Encoding_DefaultXml,523,Object
BrowseResult_Encoding_DefaultBinary,524,Object
BrowseRequest,525,DataType
BrowseRequest_Encoding_DefaultXml,526,Object
BrowseRequest_Encoding_DefaultBinary,527,Object
BrowseResponse,528,DataType
BrowseResponse_Encoding_DefaultXml,529,Object
BrowseResponse_Encoding_DefaultBinary,530,Object
BrowseNextRequest,531,DataType
BrowseNextRequest_Encoding_DefaultXml,532,Object
BrowseNextRequest_Encoding_DefaultBinary,533,Object
BrowseNextResponse,534,DataType
BrowseNextResponse_Encoding_DefaultXml,535,Object
BrowseNextResponse_Encoding_DefaultBinary,536,Object
RelativePathElement,537,DataType
RelativePathElement_Encoding_DefaultXml,538,Object
RelativePathElement_Encoding_DefaultBinary,539,Object
RelativePath,540,DataType
RelativePath_Encoding_DefaultXml,541,Object
RelativePath_Encoding_DefaultBinary,542,Object
BrowsePath,543,DataType
BrowsePath_Encoding_DefaultXml,544,Object
BrowsePath_Encoding_DefaultBinary,545,Object
BrowsePathTarget,546,DataType
BrowsePathTarget_Encoding_DefaultXml,547,Object
BrowsePathTarget_Encoding_DefaultBinary,548,Object
BrowsePathResult,549,DataType
BrowsePathResult_Encoding_DefaultXml,550,Object
BrowsePathResult_Encoding_DefaultBinary,551,Object
TranslateBrowsePathsToNodeIdsRequest,552,DataType
TranslateBrowsePathsToNodeIdsRequest_Encoding_DefaultXml,553,Object
TranslateBrowsePathsToNodeIdsRequest_Encoding_DefaultBinary,554,Object
TranslateBrowsePathsToNodeIdsResponse,555,DataType
TranslateBrowsePathsToNodeIdsResponse_Encoding_DefaultXml,556,Object
TranslateBrowsePathsToNodeIdsResponse_Encoding_DefaultBinary,557,Object
RegisterNodesRequest,558,DataType
RegisterNodesRequest_Encoding_DefaultXml,559,Object
RegisterNodesRequest_Encoding_DefaultBinary,560,Object
RegisterNodesResponse,561,DataType
RegisterNodesResponse_Encoding_DefaultXml,562,Object
RegisterNodesResponse_Encoding_DefaultBinary,563,Object
UnregisterNodesRequest,564,DataType
UnregisterNodesRequest_Encoding_DefaultXml,565,Object
UnregisterNodesRequest_Encoding_DefaultBinary,566,Object
UnregisterNodesResponse,567,DataType
UnregisterNodesResponse_Encoding_DefaultXml,568,Object
UnregisterNodesResponse_Encoding_DefaultBinary,569,Object
QueryDataDescription,570,DataType
QueryDataDescription_Encoding_DefaultXml,571,Object
QueryDataDescription_Encoding_DefaultBinary,572,Object
NodeTypeDescription,573,DataType
NodeTypeDescription_Encoding_DefaultXml,574,Object
NodeTypeDescription_Encoding_DefaultBinary,575,Object
FilterOperator,576,DataType
QueryDataSet,577,DataType
QueryDataSet_Encoding_DefaultXml,578,Object
QueryDataSet_Encoding_DefaultBinary,579,Object
NodeReference,580,DataType
NodeReference_Encoding_DefaultXml,581,Object
NodeReference_Encoding_DefaultBinary,582,Object
ContentFilterElement,583,DataType
ContentFilterElement_Encoding_DefaultXml,584,Object
ContentFilterElement_Encoding_DefaultBinary,585,Object
ContentFilter,586,DataType
ContentFilter_Encoding_DefaultXml,587,Object
ContentFilter_Encoding_DefaultBinary,588,Object
FilterOperand,589,DataType
FilterOperand_Encoding_DefaultXml,590,Object
FilterOperand_Encoding_DefaultBinary,591,Object
ElementOperand,592,DataType
ElementOperand_Encoding_DefaultXml,593,Object
ElementOperand_Encoding_DefaultBinary,594,Object
LiteralOperand,595,DataType
LiteralOperand_Encoding_DefaultXml,596,Object
LiteralOperand_Encoding_DefaultBinary,597,Object
AttributeOperand,598,DataType
AttributeOperand_Encoding_DefaultXml,599,Object
AttributeOperand_Encoding_DefaultBinary,600,Object
SimpleAttributeOperand,601,DataType
SimpleAttributeOperand_Encoding_DefaultXml,602,Object
SimpleAttributeOperand_Encoding_DefaultBinary,603,Object
ContentFilterElementResult,604,DataType
ContentFilterElementResult_Encoding_DefaultXml,605,Object
ContentFilterElementResult_Encoding_DefaultBinary,606,Object
ContentFilterResult,607,DataType
ContentFilterResult_Encoding_DefaultXml,608,Object
ContentFilterResult_Encoding_DefaultBinary,609,Object
ParsingResult,610,DataType
ParsingResult_Encoding_DefaultXml,611,Object
ParsingResult_Encoding_DefaultBinary,612,Object
QueryFirstRequest,613,DataType
QueryFirstRequest_Encoding_DefaultXml,614,Object
QueryFirstRequest_Encoding_DefaultBinary,615,Object
QueryFirstResponse,616,DataType
QueryFirstResponse_Encoding_DefaultXml,617,Object
QueryFirstResponse_Encoding_DefaultBinary,618,Object
QueryNextRequest,619,DataType
QueryNextRequest_Encoding_DefaultXml,620,Object
QueryNextRequest_Encoding_DefaultBinary,621,Object
QueryNextResponse,622,DataType
QueryNextResponse_Encoding_DefaultXml,623,Object
QueryNextResponse_Encoding_DefaultBinary,624,Object
TimestampsToReturn,625,DataType
ReadValueId,626,DataType
ReadValueId_Encoding_DefaultXml,627,Object
ReadValueId_Encoding_DefaultBinary,628,Object
ReadRequest,629,DataType
ReadRequest_Encoding_DefaultXml,630,Object
ReadRequest_Encoding_DefaultBinary,631,Object
ReadResponse,632,DataType
ReadResponse_Encoding_DefaultXml,633,Object
ReadResponse_Encoding_DefaultBinary,634,Object
HistoryReadValueId,635,DataType
HistoryReadValueId_Encoding_DefaultXml,636,Object
HistoryReadValueId_Encoding_DefaultBinary,637,Object
HistoryReadResult,638,DataType
HistoryReadResult_Encoding_DefaultXml,639,Object
HistoryReadResult_Encoding_DefaultBinary,640,Object
HistoryReadDetails,641,DataType
HistoryReadDetails_Encoding_DefaultXml,642,Object
HistoryReadDetails_Encoding_DefaultBinary,643,Object
ReadEventDetails,644,DataType
ReadEventDetails_Encoding_DefaultXml,645,Object
ReadEventDetails_Encoding_DefaultBinary,646,Object
ReadRawModifiedDetails,647,DataType
ReadRawModifiedDetails_Encoding_DefaultXml,648,Object
ReadRawModifiedDetails_Encoding_DefaultBinary,649,Object
ReadProcessedDetails,650,DataType
ReadProcessedDetails_Encoding_DefaultXml,651,Object
ReadProcessedDetails_Encoding_DefaultBinary,652,Object
ReadAtTimeDetails,653,DataType
ReadAtTimeDetails_Encoding_DefaultXml,654,Object
ReadAtTimeDetails_Encoding_DefaultBinary,655,Object
HistoryData,656,DataType
HistoryData_Encoding_DefaultXml,657,Object
HistoryData_Encoding_DefaultBinary,658,Object
HistoryEvent,659,DataType
HistoryEvent_Encoding_DefaultXml,660,Object
HistoryEvent_Encoding_DefaultBinary,661,Object
HistoryReadRequest,662,DataType
HistoryReadRequest_Encoding_DefaultXml,663,Object
HistoryReadRequest_Encoding_DefaultBinary,664,Object
HistoryReadResponse,665,DataType
HistoryReadResponse_Encoding_DefaultXml,666,Object
HistoryReadResponse_Encoding_DefaultBinary,667,Object
WriteValue,668,DataType
WriteValue_Encoding_DefaultXml,669,Object
WriteValue_Encoding_DefaultBinary,670,Object
WriteRequest,671,DataType
WriteRequest_Encoding_DefaultXml,672,Object
WriteRequest_Encoding_DefaultBinary,673,Object
WriteResponse,674,DataType
WriteResponse_Encoding_DefaultXml,675,Object
WriteResponse_Encoding_DefaultBinary,676,Object
HistoryUpdateDetails,677,DataType
HistoryUpdateDetails_Encoding_DefaultXml,678,Object
HistoryUpdateDetails_Encoding_DefaultBinary,679,Object
UpdateDataDetails,680,DataType
UpdateDataDetails_Encoding_DefaultXml,681,Object
UpdateDataDetails_Encoding_DefaultBinary,682,Object
UpdateEventDetails,683,DataType
UpdateEventDetails_Encoding_DefaultXml,684,Object
UpdateEventDetails_Encoding_DefaultBinary,685,Object
DeleteRawModifiedDetails,686,DataType
DeleteRawModifiedDetails_Encoding_DefaultXml,687,Object
DeleteRawModifiedDetails_Encoding_DefaultBinary,688,Object
DeleteAtTimeDetails,689,DataType
DeleteAtTimeDetails_Encoding_DefaultXml,690,Object
DeleteAtTimeDetails_Encoding_DefaultBinary,691,Object
DeleteEventDetails,692,DataType
DeleteEventDetails_Encoding_DefaultXml,693,Object
DeleteEventDetails_Encoding_DefaultBinary,694,Object
HistoryUpdateResult,695,DataType
HistoryUpdateResult_Encoding_DefaultXml,696,Object
HistoryUpdateResult_Encoding_DefaultBinary,697,Object
HistoryUpdateRequest,698,DataType
HistoryUpdateRequest_Encoding_DefaultXml,699,Object
HistoryUpdateRequest_Encoding_DefaultBinary,700,Object
HistoryUpdateResponse,701,DataType
HistoryUpdateResponse_Encoding_DefaultXml,702,Object
HistoryUpdateResponse_Encoding_DefaultBinary,703,Object
CallMethodRequest,704,DataType
CallMethodRequest_Encoding_DefaultXml,705,Object
CallMethodRequest_Encoding_DefaultBinary,706,Object
CallMethodResult,707,DataType
CallMethodResult_Encoding_DefaultXml,708,Object
CallMethodResult_Encoding_DefaultBinary,709,Object
CallRequest,710,DataType
CallRequest_Encoding_DefaultXml,711,Object
CallRequest_Encoding_DefaultBinary,712,Object
CallResponse,713,DataType
CallResponse_Encoding_DefaultXml,714,Object
CallResponse_Encoding_DefaultBinary,715,Object
MonitoringMode,716,DataType
DataChangeTrigger,717,DataType
DeadbandType,718,DataType
MonitoringFilter,719,DataType
MonitoringFilter_Encoding_DefaultXml,720,Object
MonitoringFilter_Encoding_DefaultBinary,721,Object
DataChangeFilter,722,DataType
DataChangeFilter_Encoding_DefaultXml,723,Object
DataChangeFilter_Encoding_DefaultBinary,724,Object
EventFilter,725,DataType
EventFilter_Encoding_DefaultXml,726,Object
EventFilter_Encoding_DefaultBinary,727,Object
AggregateFilter,728,DataType
AggregateFilter_Encoding_DefaultXml,729,Object
AggregateFilter_Encoding_DefaultBinary,730,Object
MonitoringFilterResult,731,DataType
MonitoringFilterResult_Encoding_DefaultXml,732,Object
MonitoringFilterResult_Encoding_DefaultBinary,733,Object
EventFilterResult,734,DataType
EventFilterResult_Encoding_DefaultXml,735,Object
EventFilterResult_Encoding_DefaultBinary,736,Object
AggregateFilterResult,737,DataType
AggregateFilterResult_Encoding_DefaultXml,738,Object
AggregateFilterResult_Encoding_DefaultBinary,739,Object
MonitoringParameters,740,DataType
MonitoringParameters_Encoding_DefaultXml,741,Object
MonitoringParameters_Encoding_DefaultBinary,742,Object
MonitoredItemCreateRequest,743,DataType
MonitoredItemCreateRequest_Encoding_DefaultXml,744,Object
MonitoredItemCreateRequest_Encoding_DefaultBinary,745,Object
MonitoredItemCreateResult,746,DataType
MonitoredItemCreateResult_Encoding_DefaultXml,747,Object
MonitoredItemCreateResult_Encoding_DefaultBinary,748,Object
CreateMonitoredItemsRequest,749,DataType
CreateMonitoredItemsRequest_Encoding_DefaultXml,750,Object
CreateMonitoredItemsRequest_Encoding_DefaultBinary,751,Object
CreateMonitoredItemsResponse,752,DataType
CreateMonitoredItemsResponse_Encoding_DefaultXml,753,Object
CreateMonitoredItemsResponse_Encoding_DefaultBinary,754,Object
MonitoredItemModifyRequest,755,DataType
MonitoredItemModifyRequest_Encoding_DefaultXml,756,Object
MonitoredItemModifyRequest_Encoding_DefaultBinary,757,Object
MonitoredItemModifyResult,758,DataType
MonitoredItemModifyResult_Encoding_DefaultXml,759,Object
MonitoredItemModifyResult_Encoding_DefaultBinary,760,Object
ModifyMonitoredItemsRequest,761,DataType
ModifyMonitoredItemsRequest_Encoding_DefaultXml,762,Object
ModifyMonitoredItemsRequest_Encoding_DefaultBinary,763,Object
ModifyMonitoredItemsResponse,764,DataType
ModifyMonitoredItemsResponse_Encoding_DefaultXml,765,Object
ModifyMonitoredItemsResponse_Encoding_DefaultBinary,766,Object
SetMonitoringModeRequest,767,DataType
SetMonitoringModeRequest_Encoding_DefaultXml,768,Object
SetMonitoringModeRequest_Encoding_DefaultBinary,769,Object
SetMonitoringModeResponse,770,DataType
SetMonitoringModeResponse_Encoding_DefaultXml,771,Object
SetMonitoringModeResponse_Encoding_DefaultBinary,772,Object
SetTriggeringRequest,773,DataType
SetTriggeringRequest_Encoding_DefaultXml,774,Object
SetTriggeringRequest_Encoding_DefaultBinary,775,Object
SetTriggeringResponse,776,DataType
SetTriggeringResponse_Encoding_DefaultXml,777,Object
SetTriggeringResponse_Encoding_DefaultBinary,778,Object
DeleteMonitoredItemsRequest,779,DataType
DeleteMonitoredItemsRequest_Encoding_DefaultXml,780,Object
DeleteMonitoredItemsRequest_Encoding_DefaultBinary,781,Object
DeleteMonitoredItemsResponse,782,DataType
DeleteMonitoredItemsResponse_Encoding_DefaultXml,783,Object
DeleteMonitoredItemsResponse_Encoding_DefaultBinary,784,Object
CreateSubscriptionRequest,785,DataType
CreateSubscriptionRequest_Encoding_DefaultXml,786,Object
CreateSubscriptionRequest_Encoding_DefaultBinary,787,Object
CreateSubscriptionResponse,788,DataType
CreateSubscriptionResponse_Encoding_DefaultXml,789,Object
CreateSubscriptionResponse_Encoding_DefaultBinary,790,Object
ModifySubscriptionRequest,791,DataType
ModifySubscriptionRequest_Encoding_DefaultXml,792,Object
ModifySubscriptionRequest_Encoding_DefaultBinary,793,Object
ModifySubscriptionResponse,794,DataType
ModifySubscriptionResponse_Encoding_DefaultXml,795,Object
ModifySubscriptionResponse_Encoding_DefaultBinary,796,Object
SetPublishingModeRequest,797,DataType
SetPublishingModeRequest_Encoding_DefaultXml,798,Object
SetPublishingModeRequest_Encoding_DefaultBinary,799,Object
SetPublishingModeResponse,800,DataType
SetPublishingModeResponse_Encoding_DefaultXml,801,Object
SetPublishingModeResponse_Encoding_DefaultBinary,802,Object
NotificationMessage,803,DataType
NotificationMessage_Encoding_DefaultXml,804,Object
NotificationMessage_Encoding_DefaultBinary,805,Object
MonitoredItemNotification,806,DataType
MonitoredItemNotification_Encoding_DefaultXml,807,Object
MonitoredItemNotification_Encoding_DefaultBinary,808,Object
DataChangeNotification,809,DataType
DataChangeNotification_Encoding_DefaultXml,810,Object
DataChangeNotification_Encoding_DefaultBinary,811,Object
StatusChangeNotification,818,DataType
StatusChangeNotification_Encoding_DefaultXml,819,Object
StatusChangeNotification_Encoding_DefaultBinary,820,Object
SubscriptionAcknowledgement,821,DataType
SubscriptionAcknowledgement_Encoding_DefaultXml,822,Object
SubscriptionAcknowledgement_Encoding_DefaultBinary,823,Object
PublishRequest,824,DataType
PublishRequest_Encoding_DefaultXml,825,Object
PublishRequest_Encoding_DefaultBinary,826,Object
PublishResponse,827,DataType
PublishResponse_Encoding_DefaultXml,828,Object
PublishResponse_Encoding_DefaultBinary,829,Object
RepublishRequest,830,DataType
RepublishRequest_Encoding_DefaultXml,831,Object
RepublishRequest_Encoding_DefaultBinary,832,Object
RepublishResponse,833,DataType
RepublishResponse_Encoding_DefaultXml,834,Object
RepublishResponse_Encoding_DefaultBinary,835,Object
TransferResult,836,DataType
TransferResult_Encoding_DefaultXml,837,Object
TransferResult_Encoding_DefaultBinary,838,Object
TransferSubscriptionsRequest,839,DataType
TransferSubscriptionsRequest_Encoding_DefaultXml,840,Object
TransferSubscriptionsRequest_Encoding_DefaultBinary,841,Object
TransferSubscriptionsResponse,842,DataType
TransferSubscriptionsResponse_Encoding_DefaultXml,843,Object
TransferSubscriptionsResponse_Encoding_DefaultBinary,844,Object
DeleteSubscriptionsRequest,845,DataType
DeleteSubscriptionsRequest_Encoding_DefaultXml,846,Object
DeleteSubscriptionsRequest_Encoding_DefaultBinary,847,Object
DeleteSubscriptionsResponse,848,DataType
DeleteSubscriptionsResponse_Encoding_DefaultXml,849,Object
DeleteSubscriptionsResponse_Encoding_DefaultBinary,850,Object
RedundancySupport,851,DataType
ServerState,852,DataType
RedundantServerDataType,853,DataType
RedundantServerDataType_Encoding_DefaultXml,854,Object
RedundantServerDataType_Encoding_DefaultBinary,855,Object
SamplingIntervalDiagnosticsDataType,856,DataType
SamplingIntervalDiagnosticsDataType_Encoding_DefaultXml,857,Object
SamplingIntervalDiagnosticsDataType_Encoding_DefaultBinary,858,Object
ServerDiagnosticsSummaryDataType,859,DataType
ServerDiagnosticsSummaryDataType_Encoding_DefaultXml,860,Object
ServerDiagnosticsSummaryDataType_Encoding_DefaultBinary,861,Object
ServerStatusDataType,862,DataType
ServerStatusDataType_Encoding_DefaultXml,863,Object
ServerStatusDataType_Encoding_DefaultBinary,864,Object
SessionDiagnosticsDataType,865,DataType
SessionDiagnosticsDataType_Encoding_DefaultXml,866,Object
SessionDiagnosticsDataType_Encoding_DefaultBinary,867,Object
SessionSecurityDiagnosticsDataType,868,DataType
SessionSecurityDiagnosticsDataType_Encoding_DefaultXml,869,Object
SessionSecurityDiagnosticsDataType_Encoding_DefaultBinary,870,Object
ServiceCounterDataType,871,DataType
ServiceCounterDataType_Encoding_DefaultXml,872,Object
ServiceCounterDataType_Encoding_DefaultBinary,873,Object
SubscriptionDiagnosticsDataType,874,DataType
SubscriptionDiagnosticsDataType_Encoding_DefaultXml,875,Object
SubscriptionDiagnosticsDataType_Encoding_DefaultBinary,876,Object
ModelChangeStructureDataType,877,DataType
ModelChangeStructureDataType_Encoding_DefaultXml,878,Object
ModelChangeStructureDataType_Encoding_DefaultBinary,879,Object
Range,884,DataType
Range_Encoding_DefaultXml,885,Object
Range_Encoding_DefaultBinary,886,Object
EUInformation,887,DataType
EUInformation_Encoding_DefaultXml,888,Object
EUInformation_Encoding_DefaultBinary,889,Object
ExceptionDeviationFormat,890,DataType
Annotation,891,DataType
Annotation_Encoding_DefaultXml,892,Object
Annotation_Encoding_DefaultBinary,893,Object
ProgramDiagnosticDataType,894,DataType
ProgramDiagnosticDataType_Encoding_DefaultXml,895,Object
ProgramDiagnosticDataType_Encoding_DefaultBinary,896,Object
SemanticChangeStructureDataType,897,DataType
SemanticChangeStructureDataType_Encoding_DefaultXml,898,Object
SemanticChangeStructureDataType_Encoding_DefaultBinary,899,Object
EventNotificationList,914,DataType
EventNotificationList_Encoding_DefaultXml,915,Object
EventNotificationList_Encoding_DefaultBinary,916,Object
EventFieldList,917,DataType
EventFieldList_Encoding_DefaultXml,918,Object
EventFieldList_Encoding_DefaultBinary,919,Object
HistoryEventFieldList,920,DataType
HistoryEventFieldList_Encoding_DefaultXml,921,Object
HistoryEventFieldList_Encoding_DefaultBinary,922,Object
IssuedIdentityToken,938,DataType
IssuedIdentityToken_Encoding_DefaultXml,939,Object
IssuedIdentityToken_Encoding_DefaultBinary,940,Object
NotificationData,945,DataType
NotificationData_Encoding_DefaultXml,946,Object
NotificationData_Encoding_DefaultBinary,947,Object
AggregateConfiguration,948,DataType
AggregateConfiguration_Encoding_DefaultXml,949,Object
AggregateConfiguration_Encoding_DefaultBinary,950,Object
ImageBMP,2000,DataType
ImageGIF,2001,DataType
ImageJPG,2002,DataType
ImagePNG,2003,DataType
ServerType,2004,ObjectType
ServerType_ServerArray,2005,Variable
ServerType_NamespaceArray,2006,Variable
ServerType_ServerStatus,2007,Variable
ServerType_ServiceLevel,2008,Variable
ServerType_ServerCapabilities,2009,Object
ServerType_ServerDiagnostics,2010,Object
ServerType_VendorServerInfo,2011,Object
ServerType_ServerRedundancy,2012,Object
ServerCapabilitiesType,2013,ObjectType
ServerCapabilitiesType_ServerProfileArray,2014,Variable
ServerCapabilitiesType_LocaleIdArray,2016,Variable
ServerCapabilitiesType_MinSupportedSampleRate,2017,Variable
ServerCapabilitiesType_ModellingRules,2019,Object
ServerDiagnosticsType,2020,ObjectType
ServerDiagnosticsType_ServerDiagnosticsSummary,2021,Variable
ServerDiagnosticsType_SamplingIntervalDiagnosticsArray,2022,Variable
ServerDiagnosticsType_SubscriptionDiagnosticsArray,2023,Variable
ServerDiagnosticsType_EnabledFlag,2025,Variable
SessionsDiagnosticsSummaryType,2026,ObjectType
SessionsDiagnosticsSummaryType_SessionDiagnosticsArray,2027,Variable
SessionsDiagnosticsSummaryType_SessionSecurityDiagnosticsArray,2028,Variable
SessionDiagnosticsObjectType,2029,ObjectType
SessionDiagnosticsObjectType_SessionDiagnostics,2030,Variable
SessionDiagnosticsObjectType_SessionSecurityDiagnostics,2031,Variable
SessionDiagnosticsObjectType_SubscriptionDiagnosticsArray,2032,Variable
VendorServerInfoType,2033,ObjectType
ServerRedundancyType,2034,ObjectType
ServerRedundancyType_RedundancySupport,2035,Variable
TransparentRedundancyType,2036,ObjectType
TransparentRedundancyType_CurrentServerId,2037,Variable
TransparentRedundancyType_RedundantServerArray,2038,Variable
NonTransparentRedundancyType,2039,ObjectType
NonTransparentRedundancyType_ServerUriArray,2040,Variable
BaseEventType,2041,ObjectType
BaseEventType_EventId,2042,Variable
BaseEventType_EventType,2043,Variable
BaseEventType_SourceNode,2044,Variable
BaseEventType_SourceName,2045,Variable
BaseEventType_Time,2046,Variable
BaseEventType_ReceiveTime,2047,Variable
BaseEventType_Message,2050,Variable
BaseEventType_Severity,2051,Variable
AuditEventType,2052,ObjectType
AuditEventType_ActionTimeStamp,2053,Variable
AuditEventType_Status,2054,Variable
AuditEventType_ServerId,2055,Variable
AuditEventType_ClientAuditEntryId,2056,Variable
AuditEventType_ClientUserId,2057,Variable
AuditSecurityEventType,2058,ObjectType
AuditChannelEventType,2059,ObjectType
AuditOpenSecureChannelEventType,2060,ObjectType
AuditOpenSecureChannelEventType_ClientCertificate,2061,Variable
AuditOpenSecureChannelEventType_RequestType,2062,Variable
AuditOpenSecureChannelEventType_SecurityPolicyUri,2063,Variable
AuditOpenSecureChannelEventType_SecurityMode,2065,Variable
AuditOpenSecureChannelEventType_RequestedLifetime,2066,Variable
AuditSessionEventType,2069,ObjectType
AuditSessionEventType_SessionId,2070,Variable
AuditCreateSessionEventType,2071,ObjectType
AuditCreateSessionEventType_SecureChannelId,2072,Variable
AuditCreateSessionEventType_ClientCertificate,2073,Variable
AuditCreateSessionEventType_RevisedSessionTimeout,2074,Variable
AuditActivateSessionEventType,2075,ObjectType
AuditActivateSessionEventType_ClientSoftwareCertificates,2076,Variable
AuditActivateSessionEventType_UserIdentityToken,2077,Variable
AuditCancelEventType,2078,ObjectType
AuditCancelEventType_RequestHandle,2079,Variable
AuditCertificateEventType,2080,ObjectType
AuditCertificateEventType_Certificate,2081,Variable
AuditCertificateDataMismatchEventType,2082,ObjectType
AuditCertificateDataMismatchEventType_InvalidHostname,2083,Variable
AuditCertificateDataMismatchEventType_InvalidUri,2084,Variable
AuditCertificateExpiredEventType,2085,ObjectType
AuditCertificateInvalidEventType,2086,ObjectType
AuditCertificateUntrustedEventType,2087,ObjectType
AuditCertificateRevokedEventType,2088,ObjectType
AuditCertificateMismatchEventType,2089,ObjectType
AuditNodeManagementEventType,2090,ObjectType
AuditAddNodesEventType,2091,ObjectType
AuditAddNodesEventType_NodesToAdd,2092,Variable
AuditDeleteNodesEventType,2093,ObjectType
AuditDeleteNodesEventType_NodesToDelete,2094,Variable
AuditAddReferencesEventType,2095,ObjectType
AuditAddReferencesEventType_ReferencesToAdd,2096,Variable
AuditDeleteReferencesEventType,2097,ObjectType
AuditDeleteReferencesEventType_ReferencesToDelete,2098,Variable
AuditUpdateEventType,2099,ObjectType
AuditWriteUpdateEventType,2100,ObjectType
AuditWriteUpdateEventType_IndexRange,2101,Variable
AuditWriteUpdateEventType_OldValue,2102,Variable
AuditWriteUpdateEventType_NewValue,2103,Variable
AuditHistoryUpdateEventType,2104,ObjectType
AuditUpdateMethodEventType,2127,ObjectType
AuditUpdateMethodEventType_MethodId,2128,Variable
AuditUpdateMethodEventType_InputArguments,2129,Variable
SystemEventType,2130,ObjectType
DeviceFailureEventType,2131,ObjectType
BaseModelChangeEventType,2132,ObjectType
GeneralModelChangeEventType,2133,ObjectType
GeneralModelChangeEventType_Changes,2134,Variable
ServerVendorCapabilityType,2137,VariableType
ServerStatusType,2138,VariableType
ServerStatusType_StartTime,2139,Variable
ServerStatusType_CurrentTime,2140,Variable
ServerStatusType_State,2141,Variable
ServerStatusType_BuildInfo,2142,Variable
ServerDiagnosticsSummaryType,2150,VariableType
ServerDiagnosticsSummaryType_ServerViewCount,2151,Variable
ServerDiagnosticsSummaryType_CurrentSessionCount,2152,Variable
ServerDiagnosticsSummaryType_CumulatedSessionCount,2153,Variable
ServerDiagnosticsSummaryType_SecurityRejectedSessionCount,2154,Variable
ServerDiagnosticsSummaryType_RejectedSessionCount,2155,Variable
ServerDiagnosticsSummaryType_SessionTimeoutCount,2156,Variable
ServerDiagnosticsSummaryType_SessionAbortCount,2157,Variable
ServerDiagnosticsSummaryType_PublishingIntervalCount,2159,Variable
ServerDiagnosticsSummaryType_CurrentSubscriptionCount,2160,Variable
ServerDiagnosticsSummaryType_CumulatedSubscriptionCount,2161,Variable
ServerDiagnosticsSummaryType_SecurityRejectedRequestsCount,2162,Variable
ServerDiagnosticsSummaryType_RejectedRequestsCount,2163,Variable
SamplingIntervalDiagnosticsArrayType,2164,VariableType
SamplingIntervalDiagnosticsType,2165,VariableType
SamplingIntervalDiagnosticsType_SamplingInterval,2166,Variable
SubscriptionDiagnosticsArrayType,2171,VariableType
SubscriptionDiagnosticsType,2172,VariableType
SubscriptionDiagnosticsType_SessionId,2173,Variable
SubscriptionDiagnosticsType_SubscriptionId,2174,Variable
SubscriptionDiagnosticsType_Priority,2175,Variable
SubscriptionDiagnosticsType_PublishingInterval,2176,Variable
SubscriptionDiagnosticsType_MaxKeepAliveCount,2177,Variable
SubscriptionDiagnosticsType_MaxNotificationsPerPublish,2179,Variable
SubscriptionDiagnosticsType_PublishingEnabled,2180,Variable
SubscriptionDiagnosticsType_ModifyCount,2181,Variable
SubscriptionDiagnosticsType_EnableCount,2182,Variable
SubscriptionDiagnosticsType_DisableCount,2183,Variable
SubscriptionDiagnosticsType_RepublishRequestCount,2184,Variable
SubscriptionDiagnosticsType_RepublishMessageRequestCount,2185,Variable
SubscriptionDiagnosticsType_RepublishMessageCount,2186,Variable
SubscriptionDiagnosticsType_TransferRequestCount,2187,Variable
SubscriptionDiagnosticsType_TransferredToAltClientCount,2188,Variable
SubscriptionDiagnosticsType_TransferredToSameClientCount,2189,Variable
SubscriptionDiagnosticsType_PublishRequestCount,2190,Variable
SubscriptionDiagnosticsType_DataChangeNotificationsCount,2191,Variable
SubscriptionDiagnosticsType_NotificationsCount,2193,Variable
SessionDiagnosticsArrayType,2196,VariableType
SessionDiagnosticsVariableType,2197,VariableType
SessionDiagnosticsVariableType_SessionId,2198,Variable
SessionDiagnosticsVariableType_SessionName,2199,Variable
SessionDiagnosticsVariableType_ClientDescription,2200,Variable
SessionDiagnosticsVariableType_ServerUri,2201,Variable
SessionDiagnosticsVariableType_EndpointUrl,2202,Variable
SessionDiagnosticsVariableType_LocaleIds,2203,Variable
SessionDiagnosticsVariableType_ActualSessionTimeout,2204,Variable
SessionDiagnosticsVariableType_ClientConnectionTime,2205,Variable
SessionDiagnosticsVariableType_ClientLastContactTime,2206,Variable
SessionDiagnosticsVariableType_CurrentSubscriptionsCount,2207,Variable
SessionDiagnosticsVariableType_CurrentMonitoredItemsCount,2208,Variable
SessionDiagnosticsVariableType_CurrentPublishRequestsInQueue,2209,Variable
SessionDiagnosticsVariableType_ReadCount,2217,Variable
SessionDiagnosticsVariableType_HistoryReadCount,2218,Variable
SessionDiagnosticsVariableType_WriteCount,2219,Variable
SessionDiagnosticsVariableType_HistoryUpdateCount,2220,Variable
SessionDiagnosticsVariableType_CallCount,2221,Variable
SessionDiagnosticsVariableType_CreateMonitoredItemsCount,2222,Variable
SessionDiagnosticsVariableType_ModifyMonitoredItemsCount,2223,Variable
SessionDiagnosticsVariableType_SetMonitoringModeCount,2224,Variable
SessionDiagnosticsVariableType_SetTriggeringCount,2225,Variable
SessionDiagnosticsVariableType_DeleteMonitoredItemsCount,2226,Variable
SessionDiagnosticsVariableType_CreateSubscriptionCount,2227,Variable
SessionDiagnosticsVariableType_ModifySubscriptionCount,2228,Variable
SessionDiagnosticsVariableType_SetPublishingModeCount,2229,Variable
SessionDiagnosticsVariableType_PublishCount,2230,Variable
SessionDiagnosticsVariableType_RepublishCount,2231,Variable
SessionDiagnosticsVariableType_TransferSubscriptionsCount,2232,Variable
SessionDiagnosticsVariableType_DeleteSubscriptionsCount,2233,Variable
SessionDiagnosticsVariableType_AddNodesCount,2234,Variable
SessionDiagnosticsVariableType_AddReferencesCount,2235,Variable
SessionDiagnosticsVariableType_DeleteNodesCount,2236,Variable
SessionDiagnosticsVariableType_DeleteReferencesCount,2237,Variable
SessionDiagnosticsVariableType_BrowseCount,2238,Variable
SessionDiagnosticsVariableType_BrowseNextCount,2239,Variable
SessionDiagnosticsVariableType_TranslateBrowsePathsToNodeIdsCount,2240,Variable
SessionDiagnosticsVariableType_QueryFirstCount,2241,Variable
SessionDiagnosticsVariableType_QueryNextCount,2242,Variable
SessionSecurityDiagnosticsArrayType,2243,VariableType
SessionSecurityDiagnosticsType,2244,VariableType
SessionSecurityDiagnosticsType_SessionId,2245,Variable
SessionSecurityDiagnosticsType_ClientUserIdOfSession,2246,Variable
SessionSecurityDiagnosticsType_ClientUserIdHistory,2247,Variable
SessionSecurityDiagnosticsType_AuthenticationMechanism,2248,Variable
SessionSecurityDiagnosticsType_Encoding,2249,Variable
SessionSecurityDiagnosticsType_TransportProtocol,2250,Variable
SessionSecurityDiagnosticsType_SecurityMode,2251,Variable
SessionSecurityDiagnosticsType_SecurityPolicyUri,2252,Variable
Server,2253,Object
Server_ServerArray,2254,Variable
Server_NamespaceArray,2255,Variable
Server_ServerStatus,2256,Variable
Server_ServerStatus_StartTime,2257,Variable
Server_ServerStatus_CurrentTime,2258,Variable
Server_ServerStatus_State,2259,Variable
Server_ServerStatus_BuildInfo,2260,Variable
Server_ServerStatus_BuildInfo_ProductName,2261,Variable
Server_ServerStatus_BuildInfo_ProductUri,2262,Variable
Server_ServerStatus_BuildInfo_ManufacturerName,2263,Variable
Server_ServerStatus_BuildInfo_SoftwareVersion,2264,Variable
Server_ServerStatus_BuildInfo_BuildNumber,2265,Variable
Server_ServerStatus_BuildInfo_BuildDate,2266,Variable
Server_ServiceLevel,2267,Variable
Server_ServerCapabilities,2268,Object
Server_ServerCapabilities_ServerProfileArray,2269,Variable
Server_ServerCapabilities_LocaleIdArray,2271,Variable
Server_ServerCapabilities_MinSupportedSampleRate,2272,Variable
Server_ServerDiagnostics,2274,Object
Server_ServerDiagnostics_ServerDiagnosticsSummary,2275,Variable
Server_ServerDiagnostics_ServerDiagnosticsSummary_ServerViewCount,2276,Variable
Server_ServerDiagnostics_ServerDiagnosticsSummary_CurrentSessionCount,2277,Variable
Server_ServerDiagnostics_ServerDiagnosticsSummary_CumulatedSessionCount,2278,Variable
Server_ServerDiagnostics_ServerDiagnosticsSummary_SecurityRejectedSessionCount,2279,Variable
Server_ServerDiagnostics_ServerDiagnosticsSummary_SessionTimeoutCount,2281,Variable
Server_ServerDiagnostics_ServerDiagnosticsSummary_SessionAbortCount,2282,Variable
Server_ServerDiagnostics_ServerDiagnosticsSummary_PublishingIntervalCount,2284,Variable
Server_ServerDiagnostics_ServerDiagnosticsSummary_CurrentSubscriptionCount,2285,Variable
Server_ServerDiagnostics_ServerDiagnosticsSummary_CumulatedSubscriptionCount,2286,Variable
Server_ServerDiagnostics_ServerDiagnosticsSummary_SecurityRejectedRequestsCount,2287,Variable
Server_ServerDiagnostics_ServerDiagnosticsSummary_RejectedRequestsCount,2288,Variable
Server_ServerDiagnostics_SamplingIntervalDiagnosticsArray,2289,Variable
Server_ServerDiagnostics_SubscriptionDiagnosticsArray,2290,Variable
Server_ServerDiagnostics_EnabledFlag,2294,Variable
Server_VendorServerInfo,2295,Object
Server_ServerRedundancy,2296,Object
StateMachineType,2299,ObjectType
StateType,2307,ObjectType
StateType_StateNumber,2308,Variable
InitialStateType,2309,ObjectType
TransitionType,2310,ObjectType
TransitionEventType,2311,ObjectType
TransitionType_TransitionNumber,2312,Variable
AuditUpdateStateEventType,2315,ObjectType
HistoricalDataConfigurationType,2318,ObjectType
HistoricalDataConfigurationType_Stepped,2323,Variable
HistoricalDataConfigurationType_Definition,2324,Variable
HistoricalDataConfigurationType_MaxTimeInterval,2325,Variable
HistoricalDataConfigurationType_MinTimeInterval,2326,Variable
HistoricalDataConfigurationType_ExceptionDeviation,2327,Variable
HistoricalDataConfigurationType_ExceptionDeviationFormat,2328,Variable
HistoryServerCapabilitiesType,2330,ObjectType
HistoryServerCapabilitiesType_AccessHistoryDataCapability,2331,Variable
HistoryServerCapabilitiesType_AccessHistoryEventsCapability,2332,Variable
HistoryServerCapabilitiesType_InsertDataCapability,2334,Variable
HistoryServerCapabilitiesType_ReplaceDataCapability,2335,Variable
HistoryServerCapabilitiesType_UpdateDataCapability,2336,Variable
HistoryServerCapabilitiesType_DeleteRawCapability,2337,Variable
HistoryServerCapabilitiesType_DeleteAtTimeCapability,2338,Variable
AggregateFunctionType,2340,ObjectType
AggregateFunction_Interpolative,2341,Object
AggregateFunction_Average,2342,Object
AggregateFunction_TimeAverage,2343,Object
AggregateFunction_Total,2344,Object
AggregateFunction_Minimum,2346,Object
AggregateFunction_Maximum,2347,Object
AggregateFunction_MinimumActualTime,2348,Object
AggregateFunction_MaximumActualTime,2349,Object
AggregateFunction_Range,2350,Object
AggregateFunction_AnnotationCount,2351,Object
AggregateFunction_Count,2352,Object
AggregateFunction_NumberOfTransitions,2355,Object
AggregateFunction_Start,2357,Object
AggregateFunction_End,2358,Object
AggregateFunction_Delta,2359,Object
AggregateFunction_DurationGood,2360,Object
AggregateFunction_DurationBad,2361,Object
AggregateFunction_PercentGood,2362,Object
AggregateFunction_PercentBad,2363,Object
AggregateFunction_WorstQuality,2364,Object
DataItemType,2365,VariableType
DataItemType_Definition,2366,Variable
DataItemType_ValuePrecision,2367,Variable
AnalogItemType,2368,VariableType
AnalogItemType_EURange,2369,Variable
AnalogItemType_InstrumentRange,2370,Variable
AnalogItemType_EngineeringUnits,2371,Variable
DiscreteItemType,2372,VariableType
TwoStateDiscreteType,2373,VariableType
TwoStateDiscreteType_FalseState,2374,Variable
TwoStateDiscreteType_TrueState,2375,Variable
MultiStateDiscreteType,2376,VariableType
MultiStateDiscreteType_EnumStrings,2377,Variable
ProgramTransitionEventType,2378,ObjectType
ProgramTransitionEventType_IntermediateResult,2379,Variable
ProgramDiagnosticType,2380,VariableType
ProgramDiagnosticType_CreateSessionId,2381,Variable
ProgramDiagnosticType_CreateClientName,2382,Variable
ProgramDiagnosticType_InvocationCreationTime,2383,Variable
ProgramDiagnosticType_LastTransitionTime,2384,Variable
ProgramDiagnosticType_LastMethodCall,2385,Variable
ProgramDiagnosticType_LastMethodSessionId,2386,Variable
ProgramDiagnosticType_LastMethodInputArguments,2387,Variable
ProgramDiagnosticType_LastMethodOutputArguments,2388,Variable
ProgramDiagnosticType_LastMethodCallTime,2389,Variable
ProgramDiagnosticType_LastMethodReturnStatus,2390,Variable
ProgramStateMachineType,2391,ObjectType
ProgramStateMachineType_Creatable,2392,Variable
ProgramStateMachineType_Deletable,2393,Variable
ProgramStateMachineType_AutoDelete,2394,Variable
ProgramStateMachineType_RecycleCount,2395,Variable
ProgramStateMachineType_InstanceCount,2396,Variable
ProgramStateMachineType_MaxInstanceCount,2397,Variable
ProgramStateMachineType_MaxRecycleCount,2398,Variable
ProgramStateMachineType_ProgramDiagnostics,2399,Variable
ProgramStateMachineType_Ready,2400,Object
ProgramStateMachineType_Ready_StateNumber,2401,Variable
ProgramStateMachineType_Running,2402,Object
ProgramStateMachineType_Running_StateNumber,2403,Variable
ProgramStateMachineType_Suspended,2404,Object
ProgramStateMachineType_Suspended_StateNumber,2405,Variable
ProgramStateMachineType_Halted,2406,Object
ProgramStateMachineType_Halted_StateNumber,2407,Variable
ProgramStateMachineType_HaltedToReady,2408,Object
ProgramStateMachineType_HaltedToReady_TransitionNumber,2409,Variable
ProgramStateMachineType_ReadyToRunning,2410,Object
ProgramStateMachineType_ReadyToRunning_TransitionNumber,2411,Variable
ProgramStateMachineType_RunningToHalted,2412,Object
ProgramStateMachineType_RunningToHalted_TransitionNumber,2413,Variable
ProgramStateMachineType_RunningToReady,2414,Object
ProgramStateMachineType_RunningToReady_TransitionNumber,2415,Variable
ProgramStateMachineType_RunningToSuspended,2416,Object
ProgramStateMachineType_RunningToSuspended_TransitionNumber,2417,Variable
ProgramStateMachineType_SuspendedToRunning,2418,Object
ProgramStateMachineType_SuspendedToRunning_TransitionNumber,2419,Variable
ProgramStateMachineType_SuspendedToHalted,2420,Object
ProgramStateMachineType_SuspendedToHalted_TransitionNumber,2421,Variable
ProgramStateMachineType_SuspendedToReady,2422,Object
ProgramStateMachineType_SuspendedToReady_TransitionNumber,2423,Variable
ProgramStateMachineType_ReadyToHalted,2424,Object
ProgramStateMachineType_ReadyToHalted_TransitionNumber,2425,Variable
ProgramStateMachineType_Start,2426,Method
ProgramStateMachineType_Suspend,2427,Method
ProgramStateMachineType_Resume,2428,Method
ProgramStateMachineType_Halt,2429,Method
ProgramStateMachineType_Reset,2430,Method
SessionDiagnosticsVariableType_RegisterNodesCount,2730,Variable
SessionDiagnosticsVariableType_UnregisterNodesCount,2731,Variable
ServerCapabilitiesType_MaxBrowseContinuationPoints,2732,Variable
ServerCapabilitiesType_MaxQueryContinuationPoints,2733,Variable
ServerCapabilitiesType_MaxHistoryContinuationPoints,2734,Variable
Server_ServerCapabilities_MaxBrowseContinuationPoints,2735,Variable
Server_ServerCapabilities_MaxQueryContinuationPoints,2736,Variable
Server_ServerCapabilities_MaxHistoryContinuationPoints,2737,Variable
SemanticChangeEventType,2738,ObjectType
SemanticChangeEventType_Changes,2739,Variable
ServerType_Auditing,2742,Variable
ServerDiagnosticsType_SessionsDiagnosticsSummary,2744,Object
AuditChannelEventType_SecureChannelId,2745,Variable
AuditOpenSecureChannelEventType_ClientCertificateThumbprint,2746,Variable
AuditCreateSessionEventType_ClientCertificateThumbprint,2747,Variable
AuditUrlMismatchEventType,2748,ObjectType
AuditUrlMismatchEventType_EndpointUrl,2749,Variable
AuditWriteUpdateEventType_AttributeId,2750,Variable
AuditHistoryUpdateEventType_ParameterDataTypeId,2751,Variable
ServerStatusType_SecondsTillShutdown,2752,Variable
ServerStatusType_ShutdownReason,2753,Variable
ServerCapabilitiesType_AggregateFunctions,2754,Object
StateVariableType,2755,VariableType
StateVariableType_Id,2756,Variable
StateVariableType_Name,2757,Variable
StateVariableType_Number,2758,Variable
StateVariableType_EffectiveDisplayName,2759,Variable
FiniteStateVariableType,2760,VariableType
FiniteStateVariableType_Id,2761,Variable
TransitionVariableType,2762,VariableType
TransitionVariableType_Id,2763,Variable
TransitionVariableType_Name,2764,Variable
TransitionVariableType_Number,2765,Variable
TransitionVariableType_TransitionTime,2766,Variable
FiniteTransitionVariableType,2767,VariableType
FiniteTransitionVariableType_Id,2768,Variable
StateMachineType_CurrentState,2769,Variable
StateMachineType_LastTransition,2770,Variable
FiniteStateMachineType,2771,ObjectType
FiniteStateMachineType_CurrentState,2772,Variable
FiniteStateMachineType_LastTransition,2773,Variable
TransitionEventType_Transition,2774,Variable
TransitionEventType_FromState,2775,Variable
TransitionEventType_ToState,2776,Variable
AuditUpdateStateEventType_OldStateId,2777,Variable
AuditUpdateStateEventType_NewStateId,2778,Variable
ConditionType,2782,ObjectType
RefreshStartEventType,2787,ObjectType
RefreshEndEventType,2788,ObjectType
RefreshRequiredEventType,2789,ObjectType
AuditConditionEventType,2790,ObjectType
AuditConditionEnableEventType,2803,ObjectType
AuditConditionCommentEventType,2829,ObjectType
DialogConditionType,2830,ObjectType
DialogConditionType_Prompt,2831,Variable
AcknowledgeableConditionType,2881,ObjectType
AlarmConditionType,2915,ObjectType
ShelvedStateMachineType,2929,ObjectType
ShelvedStateMachineType_Unshelved,2930,Object
ShelvedStateMachineType_TimedShelved,2932,Object
ShelvedStateMachineType_OneShotShelved,2933,Object
ShelvedStateMachineType_UnshelvedToTimedShelved,2935,Object
ShelvedStateMachineType_UnshelvedToOneShotShelved,2936,Object
ShelvedStateMachineType_TimedShelvedToUnshelved,2940,Object
ShelvedStateMachineType_TimedShelvedToOneShotShelved,2942,Object
ShelvedStateMachineType_OneShotShelvedToUnshelved,2943,Object
ShelvedStateMachineType_OneShotShelvedToTimedShelved,2945,Object
ShelvedStateMachineType_Unshelve,2947,Method
ShelvedStateMachineType_OneShotShelve,2948,Method
ShelvedStateMachineType_TimedShelve,2949,Method
LimitAlarmType,2955,ObjectType
ShelvedStateMachineType_TimedShelve_InputArguments,2991,Variable
Server_ServerStatus_SecondsTillShutdown,2992,Variable
Server_ServerStatus_ShutdownReason,2993,Variable
Server_Auditing,2994,Variable
Server_ServerCapabilities_ModellingRules,2996,Object
Server_ServerCapabilities_AggregateFunctions,2997,Object
SubscriptionDiagnosticsType_EventNotificationsCount,2998,Variable
AuditHistoryEventUpdateEventType,2999,ObjectType
AuditHistoryEventUpdateEventType_Filter,3003,Variable
AuditHistoryValueUpdateEventType,3006,ObjectType
AuditHistoryDeleteEventType,3012,ObjectType
AuditHistoryRawModifyDeleteEventType,3014,ObjectType
AuditHistoryRawModifyDeleteEventType_IsDeleteModified,3015,Variable
AuditHistoryRawModifyDeleteEventType_StartTime,3016,Variable
AuditHistoryRawModifyDeleteEventType_EndTime,3017,Variable
AuditHistoryAtTimeDeleteEventType,3019,ObjectType
AuditHistoryAtTimeDeleteEventType_ReqTimes,3020,Variable
AuditHistoryAtTimeDeleteEventType_OldValues,3021,Variable
AuditHistoryEventDeleteEventType,3022,ObjectType
AuditHistoryEventDeleteEventType_EventIds,3023,Variable
AuditHistoryEventDeleteEventType_OldValues,3024,Variable
AuditHistoryEventUpdateEventType_UpdatedNode,3025,Variable
AuditHistoryValueUpdateEventType_UpdatedNode,3026,Variable
AuditHistoryDeleteEventType_UpdatedNode,3027,Variable
AuditHistoryEventUpdateEventType_PerformInsertReplace,3028,Variable
AuditHistoryEventUpdateEventType_NewValues,3029,Variable
AuditHistoryEventUpdateEventType_OldValues,3030,Variable
AuditHistoryValueUpdateEventType_PerformInsertReplace,3031,Variable
AuditHistoryValueUpdateEventType_NewValues,3032,Variable
AuditHistoryValueUpdateEventType_OldValues,3033,Variable
AuditHistoryRawModifyDeleteEventType_OldValues,3034,Variable
EventQueueOverflowEventType,3035,ObjectType
EventTypesFolder,3048,Object
ServerCapabilitiesType_SoftwareCertificates,3049,Variable
SessionDiagnosticsVariableType_MaxResponseMessageSize,3050,Variable
BuildInfoType,3051,VariableType
BuildInfoType_ProductUri,3052,Variable
BuildInfoType_ManufacturerName,3053,Variable
BuildInfoType_ProductName,3054,Variable
BuildInfoType_SoftwareVersion,3055,Variable
BuildInfoType_BuildNumber,3056,Variable
BuildInfoType_BuildDate,3057,Variable
SessionSecurityDiagnosticsType_ClientCertificate,3058,Variable
HistoricalDataConfigurationType_AggregateConfiguration,3059,Object
DefaultBinary,3062,Object
DefaultXml,3063,Object
AlwaysGeneratesEvent,3065,ReferenceType
Icon,3067,Variable
NodeVersion,3068,Variable
LocalTime,3069,Variable
AllowNulls,3070,Variable
EnumValues,3071,Variable
InputArguments,3072,Variable
OutputArguments,3073,Variable
ServerType_ServerStatus_StartTime,3074,Variable
ServerType_ServerStatus_CurrentTime,3075,Variable
ServerType_ServerStatus_State,3076,Variable
ServerType_ServerStatus_BuildInfo,3077,Variable
ServerType_ServerStatus_BuildInfo_ProductUri,3078,Variable
ServerType_ServerStatus_BuildInfo_ManufacturerName,3079,Variable
ServerType_ServerStatus_BuildInfo_ProductName,3080,Variable
ServerType_ServerStatus_BuildInfo_SoftwareVersion,3081,Variable
ServerType_ServerStatus_BuildInfo_BuildNumber,3082,Variable
ServerType_ServerStatus_BuildInfo_BuildDate,3083,Variable
ServerType_ServerStatus_SecondsTillShutdown,3084,Variable
ServerType_ServerStatus_ShutdownReason,3085,Variable
ServerType_ServerCapabilities_ServerProfileArray,3086,Variable
ServerType_ServerCapabilities_LocaleIdArray,3087,Variable
ServerType_ServerCapabilities_MinSupportedSampleRate,3088,Variable
ServerType_ServerCapabilities_MaxBrowseContinuationPoints,3089,Variable
ServerType_ServerCapabilities_MaxQueryContinuationPoints,3090,Variable
ServerType_ServerCapabilities_MaxHistoryContinuationPoints,3091,Variable
ServerType_ServerCapabilities_SoftwareCertificates,3092,Variable
ServerType_ServerCapabilities_ModellingRules,3093,Object
ServerType_ServerCapabilities_AggregateFunctions,3094,Object
ServerType_ServerDiagnostics_ServerDiagnosticsSummary,3095,Variable
ServerType_ServerDiagnostics_ServerDiagnosticsSummary_ServerViewCount,3096,Variable
ServerType_ServerDiagnostics_ServerDiagnosticsSummary_CurrentSessionCount,3097,Variable
ServerType_ServerDiagnostics_ServerDiagnosticsSummary_CumulatedSessionCount,3098,Variable
ServerType_ServerDiagnostics_ServerDiagnosticsSummary_SecurityRejectedSessionCount,3099,Variable
ServerType_ServerDiagnostics_ServerDiagnosticsSummary_RejectedSessionCount,3100,Variable
ServerType_ServerDiagnostics_ServerDiagnosticsSummary_SessionTimeoutCount,3101,Variable
ServerType_ServerDiagnostics_ServerDiagnosticsSummary_SessionAbortCount,3102,Variable
ServerType_ServerDiagnostics_ServerDiagnosticsSummary_PublishingIntervalCount,3104,Variable
ServerType_ServerDiagnostics_ServerDiagnosticsSummary_CurrentSubscriptionCount,3105,Variable
ServerType_ServerDiagnostics_ServerDiagnosticsSummary_CumulatedSubscriptionCount,3106,Variable
ServerType_ServerDiagnostics_ServerDiagnosticsSummary_SecurityRejectedRequestsCount,3107,Variable
ServerType_ServerDiagnostics_ServerDiagnosticsSummary_RejectedRequestsCount,3108,Variable
ServerType_ServerDiagnostics_SamplingIntervalDiagnosticsArray,3109,Variable
ServerType_ServerDiagnostics_SubscriptionDiagnosticsArray,3110,Variable
ServerType_ServerDiagnostics_SessionsDiagnosticsSummary,3111,Object
ServerType_ServerDiagnostics_SessionsDiagnosticsSummary_SessionDiagnosticsArray,3112,Variable
ServerType_ServerDiagnostics_SessionsDiagnosticsSummary_SessionSecurityDiagnosticsArray,3113,Variable
ServerType_ServerDiagnostics_EnabledFlag,3114,Variable
ServerType_ServerRedundancy_RedundancySupport,3115,Variable
ServerDiagnosticsType_ServerDiagnosticsSummary_ServerViewCount,3116,Variable
ServerDiagnosticsType_ServerDiagnosticsSummary_CurrentSessionCount,3117,Variable
ServerDiagnosticsType_ServerDiagnosticsSummary_CumulatedSessionCount,3118,Variable
ServerDiagnosticsType_ServerDiagnosticsSummary_SecurityRejectedSessionCount,3119,Variable
ServerDiagnosticsType_ServerDiagnosticsSummary_RejectedSessionCount,3120,Variable
ServerDiagnosticsType_ServerDiagnosticsSummary_SessionTimeoutCount,3121,Variable
ServerDiagnosticsType_ServerDiagnosticsSummary_SessionAbortCount,3122,Variable
ServerDiagnosticsType_ServerDiagnosticsSummary_PublishingIntervalCount,3124,Variable
ServerDiagnosticsType_ServerDiagnosticsSummary_CurrentSubscriptionCount,3125,Variable
ServerDiagnosticsType_ServerDiagnosticsSummary_CumulatedSubscriptionCount,3126,Variable
ServerDiagnosticsType_ServerDiagnosticsSummary_SecurityRejectedRequestsCount,3127,Variable
ServerDiagnosticsType_ServerDiagnosticsSummary_RejectedRequestsCount,3128,Variable
ServerDiagnosticsType_SessionsDiagnosticsSummary_SessionDiagnosticsArray,3129,Variable
ServerDiagnosticsType_SessionsDiagnosticsSummary_SessionSecurityDiagnosticsArray,3130,Variable
SessionDiagnosticsObjectType_SessionDiagnostics_SessionId,3131,Variable
SessionDiagnosticsObjectType_SessionDiagnostics_SessionName,3132,Variable
SessionDiagnosticsObjectType_SessionDiagnostics_ClientDescription,3133,Variable
SessionDiagnosticsObjectType_SessionDiagnostics_ServerUri,3134,Variable
SessionDiagnosticsObjectType_SessionDiagnostics_EndpointUrl,3135,Variable
SessionDiagnosticsObjectType_SessionDiagnostics_LocaleIds,3136,Variable
SessionDiagnosticsObjectType_SessionDiagnostics_ActualSessionTimeout,3137,Variable
SessionDiagnosticsObjectType_SessionDiagnostics_MaxResponseMessageSize,3138,Variable
SessionDiagnosticsObjectType_SessionDiagnostics_ClientConnectionTime,3139,Variable
SessionDiagnosticsObjectType_SessionDiagnostics_ClientLastContactTime,3140,Variable
SessionDiagnosticsObjectType_SessionDiagnostics_CurrentSubscriptionsCount,3141,Variable
SessionDiagnosticsObjectType_SessionDiagnostics_CurrentMonitoredItemsCount,3142,Variable
SessionDiagnosticsObjectType_SessionDiagnostics_CurrentPublishRequestsInQueue,3143,Variable
SessionDiagnosticsObjectType_SessionDiagnostics_ReadCount,3151,Variable
SessionDiagnosticsObjectType_SessionDiagnostics_HistoryReadCount,3152,Variable
SessionDiagnosticsObjectType_SessionDiagnostics_WriteCount,3153,Variable
SessionDiagnosticsObjectType_SessionDiagnostics_HistoryUpdateCount,3154,Variable
SessionDiagnosticsObjectType_SessionDiagnostics_CallCount,3155,Variable
SessionDiagnosticsObjectType_SessionDiagnostics_CreateMonitoredItemsCount,3156,Variable
SessionDiagnosticsObjectType_SessionDiagnostics_ModifyMonitoredItemsCount,3157,Variable
SessionDiagnosticsObjectType_SessionDiagnostics_SetMonitoringModeCount,3158,Variable
SessionDiagnosticsObjectType_SessionDiagnostics_SetTriggeringCount,3159,Variable
SessionDiagnosticsObjectType_SessionDiagnostics_DeleteMonitoredItemsCount,3160,Variable
SessionDiagnosticsObjectType_SessionDiagnostics_CreateSubscriptionCount,3161,Variable
SessionDiagnosticsObjectType_SessionDiagnostics_ModifySubscriptionCount,3162,Variable
SessionDiagnosticsObjectType_SessionDiagnostics_SetPublishingModeCount,3163,Variable
SessionDiagnosticsObjectType_SessionDiagnostics_PublishCount,3164,Variable
SessionDiagnosticsObjectType_SessionDiagnostics_RepublishCount,3165,Variable
SessionDiagnosticsObjectType_SessionDiagnostics_TransferSubscriptionsCount,3166,Variable
SessionDiagnosticsObjectType_SessionDiagnostics_DeleteSubscriptionsCount,3167,Variable
SessionDiagnosticsObjectType_SessionDiagnostics_AddNodesCount,3168,Variable
SessionDiagnosticsObjectType_SessionDiagnostics_AddReferencesCount,3169,Variable
SessionDiagnosticsObjectType_SessionDiagnostics_DeleteNodesCount,3170,Variable
SessionDiagnosticsObjectType_SessionDiagnostics_DeleteReferencesCount,3171,Variable
SessionDiagnosticsObjectType_SessionDiagnostics_BrowseCount,3172,Variable
SessionDiagnosticsObjectType_SessionDiagnostics_BrowseNextCount,3173,Variable
SessionDiagnosticsObjectType_SessionDiagnostics_TranslateBrowsePathsToNodeIdsCount,3174,Variable
SessionDiagnosticsObjectType_SessionDiagnostics_QueryFirstCount,3175,Variable
SessionDiagnosticsObjectType_SessionDiagnostics_QueryNextCount,3176,Variable
SessionDiagnosticsObjectType_SessionDiagnostics_RegisterNodesCount,3177,Variable
SessionDiagnosticsObjectType_SessionDiagnostics_UnregisterNodesCount,3178,Variable
SessionDiagnosticsObjectType_SessionSecurityDiagnostics_SessionId,3179,Variable
SessionDiagnosticsObjectType_SessionSecurityDiagnostics_ClientUserIdOfSession,3180,Variable
SessionDiagnosticsObjectType_SessionSecurityDiagnostics_ClientUserIdHistory,3181,Variable
SessionDiagnosticsObjectType_SessionSecurityDiagnostics_AuthenticationMechanism,3182,Variable
SessionDiagnosticsObjectType_SessionSecurityDiagnostics_Encoding,3183,Variable
SessionDiagnosticsObjectType_SessionSecurityDiagnostics_TransportProtocol,3184,Variable
SessionDiagnosticsObjectType_SessionSecurityDiagnostics_SecurityMode,3185,Variable
SessionDiagnosticsObjectType_SessionSecurityDiagnostics_SecurityPolicyUri,3186,Variable
SessionDiagnosticsObjectType_SessionSecurityDiagnostics_ClientCertificate,3187,Variable
TransparentRedundancyType_RedundancySupport,3188,Variable
NonTransparentRedundancyType_RedundancySupport,3189,Variable
BaseEventType_LocalTime,3190,Variable
EventQueueOverflowEventType_EventId,3191,Variable
EventQueueOverflowEventType_EventType,3192,Variable
EventQueueOverflowEventType_SourceNode,3193,Variable
EventQueueOverflowEventType_SourceName,3194,Variable
EventQueueOverflowEventType_Time,3195,Variable
EventQueueOverflowEventType_ReceiveTime,3196,Variable
EventQueueOverflowEventType_LocalTime,3197,Variable
EventQueueOverflowEventType_Message,3198,Variable
EventQueueOverflowEventType_Severity,3199,Variable
AuditEventType_EventId,3200,Variable
AuditEventType_EventType,3201,Variable
AuditEventType_SourceNode,3202,Variable
AuditEventType_SourceName,3203,Variable
AuditEventType_Time,3204,Variable
AuditEventType_ReceiveTime,3205,Variable
AuditEventType_LocalTime,3206,Variable
AuditEventType_Message,3207,Variable
AuditEventType_Severity,3208,Variable
AuditSecurityEventType_EventId,3209,Variable
AuditSecurityEventType_EventType,3210,Variable
AuditSecurityEventType_SourceNode,3211,Variable
AuditSecurityEventType_SourceName,3212,Variable
AuditSecurityEventType_Time,3213,Variable
AuditSecurityEventType_ReceiveTime,3214,Variable
AuditSecurityEventType_LocalTime,3215,Variable
AuditSecurityEventType_Message,3216,Variable
AuditSecurityEventType_Severity,3217,Variable
AuditSecurityEventType_ActionTimeStamp,3218,Variable
AuditSecurityEventType_Status,3219,Variable
AuditSecurityEventType_ServerId,3220,Variable
AuditSecurityEventType_ClientAuditEntryId,3221,Variable
AuditSecurityEventType_ClientUserId,3222,Variable
AuditChannelEventType_EventId,3223,Variable
AuditChannelEventType_EventType,3224,Variable
AuditChannelEventType_SourceNode,3225,Variable
AuditChannelEventType_SourceName,3226,Variable
AuditChannelEventType_Time,3227,Variable
AuditChannelEventType_ReceiveTime,3228,Variable
AuditChannelEventType_LocalTime,3229,Variable
AuditChannelEventType_Message,3230,Variable
AuditChannelEventType_Severity,3231,Variable
AuditChannelEventType_ActionTimeStamp,3232,Variable
AuditChannelEventType_Status,3233,Variable
AuditChannelEventType_ServerId,3234,Variable
AuditChannelEventType_ClientAuditEntryId,3235,Variable
AuditChannelEventType_ClientUserId,3236,Variable
AuditOpenSecureChannelEventType_EventId,3237,Variable
AuditOpenSecureChannelEventType_EventType,3238,Variable
AuditOpenSecureChannelEventType_SourceNode,3239,Variable
AuditOpenSecureChannelEventType_SourceName,3240,Variable
AuditOpenSecureChannelEventType_Time,3241,Variable
AuditOpenSecureChannelEventType_ReceiveTime,3242,Variable
AuditOpenSecureChannelEventType_LocalTime,3243,Variable
AuditOpenSecureChannelEventType_Message,3244,Variable
AuditOpenSecureChannelEventType_Severity,3245,Variable
AuditOpenSecureChannelEventType_ActionTimeStamp,3246,Variable
AuditOpenSecureChannelEventType_Status,3247,Variable
AuditOpenSecureChannelEventType_ServerId,3248,Variable
AuditOpenSecureChannelEventType_ClientAuditEntryId,3249,Variable
AuditOpenSecureChannelEventType_ClientUserId,3250,Variable
AuditOpenSecureChannelEventType_SecureChannelId,3251,Variable
AuditSessionEventType_EventId,3252,Variable
AuditSessionEventType_EventType,3253,Variable
AuditSessionEventType_SourceNode,3254,Variable
AuditSessionEventType_SourceName,3255,Variable
AuditSessionEventType_Time,3256,Variable
AuditSessionEventType_ReceiveTime,3257,Variable
AuditSessionEventType_LocalTime,3258,Variable
AuditSessionEventType_Message,3259,Variable
AuditSessionEventType_Severity,3260,Variable
AuditSessionEventType_ActionTimeStamp,3261,Variable
AuditSessionEventType_Status,3262,Variable
AuditSessionEventType_ServerId,3263,Variable
AuditSessionEventType_ClientAuditEntryId,3264,Variable
AuditSessionEventType_ClientUserId,3265,Variable
AuditCreateSessionEventType_EventId,3266,Variable
AuditCreateSessionEventType_EventType,3267,Variable
AuditCreateSessionEventType_SourceNode,3268,Variable
AuditCreateSessionEventType_SourceName,3269,Variable
AuditCreateSessionEventType_Time,3270,Variable
AuditCreateSessionEventType_ReceiveTime,3271,Variable
AuditCreateSessionEventType_LocalTime,3272,Variable
AuditCreateSessionEventType_Message,3273,Variable
AuditCreateSessionEventType_Severity,3274,Variable
AuditCreateSessionEventType_ActionTimeStamp,3275,Variable
AuditCreateSessionEventType_Status,3276,Variable
AuditCreateSessionEventType_ServerId,3277,Variable
AuditCreateSessionEventType_ClientAuditEntryId,3278,Variable
AuditCreateSessionEventType_ClientUserId,3279,Variable
AuditCreateSessionEventType_SessionId,3280,Variable
AuditUrlMismatchEventType_EventId,3281,Variable
AuditUrlMismatchEventType_EventType,3282,Variable
AuditUrlMismatchEventType_SourceNode,3283,Variable
AuditUrlMismatchEventType_SourceName,3284,Variable
AuditUrlMismatchEventType_Time,3285,Variable
AuditUrlMismatchEventType_ReceiveTime,3286,Variable
AuditUrlMismatchEventType_LocalTime,3287,Variable
AuditUrlMismatchEventType_Message,3288,Variable
AuditUrlMismatchEventType_Severity,3289,Variable
AuditUrlMismatchEventType_ActionTimeStamp,3290,Variable
AuditUrlMismatchEventType_Status,3291,Variable
AuditUrlMismatchEventType_ServerId,3292,Variable
AuditUrlMismatchEventType_ClientAuditEntryId,3293,Variable
AuditUrlMismatchEventType_ClientUserId,3294,Variable
AuditUrlMismatchEventType_SessionId,3295,Variable
AuditUrlMismatchEventType_SecureChannelId,3296,Variable
AuditUrlMismatchEventType_ClientCertificate,3297,Variable
AuditUrlMismatchEventType_ClientCertificateThumbprint,3298,Variable
AuditUrlMismatchEventType_RevisedSessionTimeout,3299,Variable
AuditActivateSessionEventType_EventId,3300,Variable
AuditActivateSessionEventType_EventType,3301,Variable
AuditActivateSessionEventType_SourceNode,3302,Variable
AuditActivateSessionEventType_SourceName,3303,Variable
AuditActivateSessionEventType_Time,3304,Variable
AuditActivateSessionEventType_ReceiveTime,3305,Variable
AuditActivateSessionEventType_LocalTime,3306,Variable
AuditActivateSessionEventType_Message,3307,Variable
AuditActivateSessionEventType_Severity,3308,Variable
AuditActivateSessionEventType_ActionTimeStamp,3309,Variable
AuditActivateSessionEventType_Status,3310,Variable
AuditActivateSessionEventType_ServerId,3311,Variable
AuditActivateSessionEventType_ClientAuditEntryId,3312,Variable
AuditActivateSessionEventType_ClientUserId,3313,Variable
AuditActivateSessionEventType_SessionId,3314,Variable
AuditCancelEventType_EventId,3315,Variable
AuditCancelEventType_EventType,3316,Variable
AuditCancelEventType_SourceNode,3317,Variable
AuditCancelEventType_SourceName,3318,Variable
AuditCancelEventType_Time,3319,Variable
AuditCancelEventType_ReceiveTime,3320,Variable
AuditCancelEventType_LocalTime,3321,Variable
AuditCancelEventType_Message,3322,Variable
AuditCancelEventType_Severity,3323,Variable
AuditCancelEventType_ActionTimeStamp,3324,Variable
AuditCancelEventType_Status,3325,Variable
AuditCancelEventType_ServerId,3326,Variable
AuditCancelEventType_ClientAuditEntryId,3327,Variable
AuditCancelEventType_ClientUserId,3328,Variable
AuditCancelEventType_SessionId,3329,Variable
AuditCertificateEventType_EventId,3330,Variable
AuditCertificateEventType_EventType,3331,Variable
AuditCertificateEventType_SourceNode,3332,Variable
AuditCertificateEventType_SourceName,3333,Variable
AuditCertificateEventType_Time,3334,Variable
AuditCertificateEventType_ReceiveTime,3335,Variable
AuditCertificateEventType_LocalTime,3336,Variable
AuditCertificateEventType_Message,3337,Variable
AuditCertificateEventType_Severity,3338,Variable
AuditCertificateEventType_ActionTimeStamp,3339,Variable
AuditCertificateEventType_Status,3340,Variable
AuditCertificateEventType_ServerId,3341,Variable
AuditCertificateEventType_ClientAuditEntryId,3342,Variable
AuditCertificateEventType_ClientUserId,3343,Variable
AuditCertificateDataMismatchEventType_EventId,3344,Variable
AuditCertificateDataMismatchEventType_EventType,3345,Variable
AuditCertificateDataMismatchEventType_SourceNode,3346,Variable
AuditCertificateDataMismatchEventType_SourceName,3347,Variable
AuditCertificateDataMismatchEventType_Time,3348,Variable
AuditCertificateDataMismatchEventType_ReceiveTime,3349,Variable
AuditCertificateDataMismatchEventType_LocalTime,3350,Variable
AuditCertificateDataMismatchEventType_Message,3351,Variable
AuditCertificateDataMismatchEventType_Severity,3352,Variable
AuditCertificateDataMismatchEventType_ActionTimeStamp,3353,Variable
AuditCertificateDataMismatchEventType_Status,3354,Variable
AuditCertificateDataMismatchEventType_ServerId,3355,Variable
AuditCertificateDataMismatchEventType_ClientAuditEntryId,3356,Variable
AuditCertificateDataMismatchEventType_ClientUserId,3357,Variable
AuditCertificateDataMismatchEventType_Certificate,3358,Variable
AuditCertificateExpiredEventType_EventId,3359,Variable
AuditCertificateExpiredEventType_EventType,3360,Variable
AuditCertificateExpiredEventType_SourceNode,3361,Variable
AuditCertificateExpiredEventType_SourceName,3362,Variable
AuditCertificateExpiredEventType_Time,3363,Variable
AuditCertificateExpiredEventType_ReceiveTime,3364,Variable
AuditCertificateExpiredEventType_LocalTime,3365,Variable
AuditCertificateExpiredEventType_Message,3366,Variable
AuditCertificateExpiredEventType_Severity,3367,Variable
AuditCertificateExpiredEventType_ActionTimeStamp,3368,Variable
AuditCertificateExpiredEventType_Status,3369,Variable
AuditCertificateExpiredEventType_ServerId,3370,Variable
AuditCertificateExpiredEventType_ClientAuditEntryId,3371,Variable
AuditCertificateExpiredEventType_ClientUserId,3372,Variable
AuditCertificateExpiredEventType_Certificate,3373,Variable
AuditCertificateInvalidEventType_EventId,3374,Variable
AuditCertificateInvalidEventType_EventType,3375,Variable
AuditCertificateInvalidEventType_SourceNode,3376,Variable
AuditCertificateInvalidEventType_SourceName,3377,Variable
AuditCertificateInvalidEventType_Time,3378,Variable
AuditCertificateInvalidEventType_ReceiveTime,3379,Variable
AuditCertificateInvalidEventType_LocalTime,3380,Variable
AuditCertificateInvalidEventType_Message,3381,Variable
AuditCertificateInvalidEventType_Severity,3382,Variable
AuditCertificateInvalidEventType_ActionTimeStamp,3383,Variable
AuditCertificateInvalidEventType_Status,3384,Variable
AuditCertificateInvalidEventType_ServerId,3385,Variable
AuditCertificateInvalidEventType_ClientAuditEntryId,3386,Variable
AuditCertificateInvalidEventType_ClientUserId,3387,Variable
AuditCertificateInvalidEventType_Certificate,3388,Variable
AuditCertificateUntrustedEventType_EventId,3389,Variable
AuditCertificateUntrustedEventType_EventType,3390,Variable
AuditCertificateUntrustedEventType_SourceNode,3391,Variable
AuditCertificateUntrustedEventType_SourceName,3392,Variable
AuditCertificateUntrustedEventType_Time,3393,Variable
AuditCertificateUntrustedEventType_ReceiveTime,3394,Variable
AuditCertificateUntrustedEventType_LocalTime,3395,Variable
AuditCertificateUntrustedEventType_Message,3396,Variable
AuditCertificateUntrustedEventType_Severity,3397,Variable
AuditCertificateUntrustedEventType_ActionTimeStamp,3398,Variable
AuditCertificateUntrustedEventType_Status,3399,Variable
AuditCertificateUntrustedEventType_ServerId,3400,Variable
AuditCertificateUntrustedEventType_ClientAuditEntryId,3401,Variable
AuditCertificateUntrustedEventType_ClientUserId,3402,Variable
AuditCertificateUntrustedEventType_Certificate,3403,Variable
AuditCertificateRevokedEventType_EventId,3404,Variable
AuditCertificateRevokedEventType_EventType,3405,Variable
AuditCertificateRevokedEventType_SourceNode,3406,Variable
AuditCertificateRevokedEventType_SourceName,3407,Variable
AuditCertificateRevokedEventType_Time,3408,Variable
AuditCertificateRevokedEventType_ReceiveTime,3409,Variable
AuditCertificateRevokedEventType_LocalTime,3410,Variable
AuditCertificateRevokedEventType_Message,3411,Variable
AuditCertificateRevokedEventType_Severity,3412,Variable
AuditCertificateRevokedEventType_ActionTimeStamp,3413,Variable
AuditCertificateRevokedEventType_Status,3414,Variable
AuditCertificateRevokedEventType_ServerId,3415,Variable
AuditCertificateRevokedEventType_ClientAuditEntryId,3416,Variable
AuditCertificateRevokedEventType_ClientUserId,3417,Variable
AuditCertificateRevokedEventType_Certificate,3418,Variable
AuditCertificateMismatchEventType_EventId,3419,Variable
AuditCertificateMismatchEventType_EventType,3420,Variable
AuditCertificateMismatchEventType_SourceNode,3421,Variable
AuditCertificateMismatchEventType_SourceName,3422,Variable
AuditCertificateMismatchEventType_Time,3423,Variable
AuditCertificateMismatchEventType_ReceiveTime,3424,Variable
AuditCertificateMismatchEventType_LocalTime,3425,Variable
AuditCertificateMismatchEventType_Message,3426,Variable
AuditCertificateMismatchEventType_Severity,3427,Variable
AuditCertificateMismatchEventType_ActionTimeStamp,3428,Variable
AuditCertificateMismatchEventType_Status,3429,Variable
AuditCertificateMismatchEventType_ServerId,3430,Variable
AuditCertificateMismatchEventType_ClientAuditEntryId,3431,Variable
AuditCertificateMismatchEventType_ClientUserId,3432,Variable
AuditCertificateMismatchEventType_Certificate,3433,Variable
AuditNodeManagementEventType_EventId,3434,Variable
AuditNodeManagementEventType_EventType,3435,Variable
AuditNodeManagementEventType_SourceNode,3436,Variable
AuditNodeManagementEventType_SourceName,3437,Variable
AuditNodeManagementEventType_Time,3438,Variable
AuditNodeManagementEventType_ReceiveTime,3439,Variable
AuditNodeManagementEventType_LocalTime,3440,Variable
AuditNodeManagementEventType_Message,3441,Variable
AuditNodeManagementEventType_Severity,3442,Variable
AuditNodeManagementEventType_ActionTimeStamp,3443,Variable
AuditNodeManagementEventType_Status,3444,Variable
AuditNodeManagementEventType_ServerId,3445,Variable
AuditNodeManagementEventType_ClientAuditEntryId,3446,Variable
AuditNodeManagementEventType_ClientUserId,3447,Variable
AuditAddNodesEventType_EventId,3448,Variable
AuditAddNodesEventType_EventType,3449,Variable
AuditAddNodesEventType_SourceNode,3450,Variable
AuditAddNodesEventType_SourceName,3451,Variable
AuditAddNodesEventType_Time,3452,Variable
AuditAddNodesEventType_ReceiveTime,3453,Variable
AuditAddNodesEventType_LocalTime,3454,Variable
AuditAddNodesEventType_Message,3455,Variable
AuditAddNodesEventType_Severity,3456,Variable
AuditAddNodesEventType_ActionTimeStamp,3457,Variable
AuditAddNodesEventType_Status,3458,Variable
AuditAddNodesEventType_ServerId,3459,Variable
AuditAddNodesEventType_ClientAuditEntryId,3460,Variable
AuditAddNodesEventType_ClientUserId,3461,Variable
AuditDeleteNodesEventType_EventId,3462,Variable
AuditDeleteNodesEventType_EventType,3463,Variable
AuditDeleteNodesEventType_SourceNode,3464,Variable
AuditDeleteNodesEventType_SourceName,3465,Variable
AuditDeleteNodesEventType_Time,3466,Variable
AuditDeleteNodesEventType_ReceiveTime,3467,Variable
AuditDeleteNodesEventType_LocalTime,3468,Variable
AuditDeleteNodesEventType_Message,3469,Variable
AuditDeleteNodesEventType_Severity,3470,Variable
AuditDeleteNodesEventType_ActionTimeStamp,3471,Variable
AuditDeleteNodesEventType_Status,3472,Variable
AuditDeleteNodesEventType_ServerId,3473,Variable
AuditDeleteNodesEventType_ClientAuditEntryId,3474,Variable
AuditDeleteNodesEventType_ClientUserId,3475,Variable
AuditAddReferencesEventType_EventId,3476,Variable
AuditAddReferencesEventType_EventType,3477,Variable
AuditAddReferencesEventType_SourceNode,3478,Variable
AuditAddReferencesEventType_SourceName,3479,Variable
AuditAddReferencesEventType_Time,3480,Variable
AuditAddReferencesEventType_ReceiveTime,3481,Variable
AuditAddReferencesEventType_LocalTime,3482,Variable
AuditAddReferencesEventType_Message,3483,Variable
AuditAddReferencesEventType_Severity,3484,Variable
AuditAddReferencesEventType_ActionTimeStamp,3485,Variable
AuditAddReferencesEventType_Status,3486,Variable
AuditAddReferencesEventType_ServerId,3487,Variable
AuditAddReferencesEventType_ClientAuditEntryId,3488,Variable
AuditAddReferencesEventType_ClientUserId,3489,Variable
AuditDeleteReferencesEventType_EventId,3490,Variable
AuditDeleteReferencesEventType_EventType,3491,Variable
AuditDeleteReferencesEventType_SourceNode,3492,Variable
AuditDeleteReferencesEventType_SourceName,3493,Variable
AuditDeleteReferencesEventType_Time,3494,Variable
AuditDeleteReferencesEventType_ReceiveTime,3495,Variable
AuditDeleteReferencesEventType_LocalTime,3496,Variable
AuditDeleteReferencesEventType_Message,3497,Variable
AuditDeleteReferencesEventType_Severity,3498,Variable
AuditDeleteReferencesEventType_ActionTimeStamp,3499,Variable
AuditDeleteReferencesEventType_Status,3500,Variable
AuditDeleteReferencesEventType_ServerId,3501,Variable
AuditDeleteReferencesEventType_ClientAuditEntryId,3502,Variable
AuditDeleteReferencesEventType_ClientUserId,3503,Variable
AuditUpdateEventType_EventId,3504,Variable
AuditUpdateEventType_EventType,3505,Variable
AuditUpdateEventType_SourceNode,3506,Variable
AuditUpdateEventType_SourceName,3507,Variable
AuditUpdateEventType_Time,3508,Variable
AuditUpdateEventType_ReceiveTime,3509,Variable
AuditUpdateEventType_LocalTime,3510,Variable
AuditUpdateEventType_Message,3511,Variable
AuditUpdateEventType_Severity,3512,Variable
AuditUpdateEventType_ActionTimeStamp,3513,Variable
AuditUpdateEventType_Status,3514,Variable
AuditUpdateEventType_ServerId,3515,Variable
AuditUpdateEventType_ClientAuditEntryId,3516,Variable
AuditUpdateEventType_ClientUserId,3517,Variable
AuditWriteUpdateEventType_EventId,3518,Variable
AuditWriteUpdateEventType_EventType,3519,Variable
AuditWriteUpdateEventType_SourceNode,3520,Variable
AuditWriteUpdateEventType_SourceName,3521,Variable
AuditWriteUpdateEventType_Time,3522,Variable
AuditWriteUpdateEventType_ReceiveTime,3523,Variable
AuditWriteUpdateEventType_LocalTime,3524,Variable
AuditWriteUpdateEventType_Message,3525,Variable
AuditWriteUpdateEventType_Severity,3526,Variable
AuditWriteUpdateEventType_ActionTimeStamp,3527,Variable
AuditWriteUpdateEventType_Status,3528,Variable
AuditWriteUpdateEventType_ServerId,3529,Variable
AuditWriteUpdateEventType_ClientAuditEntryId,3530,Variable
AuditWriteUpdateEventType_ClientUserId,3531,Variable
AuditHistoryUpdateEventType_EventId,3532,Variable
AuditHistoryUpdateEventType_EventType,3533,Variable
AuditHistoryUpdateEventType_SourceNode,3534,Variable
AuditHistoryUpdateEventType_SourceName,3535,Variable
AuditHistoryUpdateEventType_Time,3536,Variable
AuditHistoryUpdateEventType_ReceiveTime,3537,Variable
AuditHistoryUpdateEventType_LocalTime,3538,Variable
AuditHistoryUpdateEventType_Message,3539,Variable
AuditHistoryUpdateEventType_Severity,3540,Variable
AuditHistoryUpdateEventType_ActionTimeStamp,3541,Variable
AuditHistoryUpdateEventType_Status,3542,Variable
AuditHistoryUpdateEventType_ServerId,3543,Variable
AuditHistoryUpdateEventType_ClientAuditEntryId,3544,Variable
AuditHistoryUpdateEventType_ClientUserId,3545,Variable
AuditHistoryEventUpdateEventType_EventId,3546,Variable
AuditHistoryEventUpdateEventType_EventType,3547,Variable
AuditHistoryEventUpdateEventType_SourceNode,3548,Variable
AuditHistoryEventUpdateEventType_SourceName,3549,Variable
AuditHistoryEventUpdateEventType_Time,3550,Variable
AuditHistoryEventUpdateEventType_ReceiveTime,3551,Variable
AuditHistoryEventUpdateEventType_LocalTime,3552,Variable
AuditHistoryEventUpdateEventType_Message,3553,Variable
AuditHistoryEventUpdateEventType_Severity,3554,Variable
AuditHistoryEventUpdateEventType_ActionTimeStamp,3555,Variable
AuditHistoryEventUpdateEventType_Status,3556,Variable
AuditHistoryEventUpdateEventType_ServerId,3557,Variable
AuditHistoryEventUpdateEventType_ClientAuditEntryId,3558,Variable
AuditHistoryEventUpdateEventType_ClientUserId,3559,Variable
AuditHistoryEventUpdateEventType_ParameterDataTypeId,3560,Variable
AuditHistoryValueUpdateEventType_EventId,3561,Variable
AuditHistoryValueUpdateEventType_EventType,3562,Variable
AuditHistoryValueUpdateEventType_SourceNode,3563,Variable
AuditHistoryValueUpdateEventType_SourceName,3564,Variable
AuditHistoryValueUpdateEventType_Time,3565,Variable
AuditHistoryValueUpdateEventType_ReceiveTime,3566,Variable
AuditHistoryValueUpdateEventType_LocalTime,3567,Variable
AuditHistoryValueUpdateEventType_Message,3568,Variable
AuditHistoryValueUpdateEventType_Severity,3569,Variable
AuditHistoryValueUpdateEventType_ActionTimeStamp,3570,Variable
AuditHistoryValueUpdateEventType_Status,3571,Variable
AuditHistoryValueUpdateEventType_ServerId,3572,Variable
AuditHistoryValueUpdateEventType_ClientAuditEntryId,3573,Variable
AuditHistoryValueUpdateEventType_ClientUserId,3574,Variable
AuditHistoryValueUpdateEventType_ParameterDataTypeId,3575,Variable
AuditHistoryDeleteEventType_EventId,3576,Variable
AuditHistoryDeleteEventType_EventType,3577,Variable
AuditHistoryDeleteEventType_SourceNode,3578,Variable
AuditHistoryDeleteEventType_SourceName,3579,Variable
AuditHistoryDeleteEventType_Time,3580,Variable
AuditHistoryDeleteEventType_ReceiveTime,3581,Variable
AuditHistoryDeleteEventType_LocalTime,3582,Variable
AuditHistoryDeleteEventType_Message,3583,Variable
AuditHistoryDeleteEventType_Severity,3584,Variable
AuditHistoryDeleteEventType_ActionTimeStamp,3585,Variable
AuditHistoryDeleteEventType_Status,3586,Variable
AuditHistoryDeleteEventType_ServerId,3587,Variable
AuditHistoryDeleteEventType_ClientAuditEntryId,3588,Variable
AuditHistoryDeleteEventType_ClientUserId,3589,Variable
AuditHistoryDeleteEventType_ParameterDataTypeId,3590,Variable
AuditHistoryRawModifyDeleteEventType_EventId,3591,Variable
AuditHistoryRawModifyDeleteEventType_EventType,3592,Variable
AuditHistoryRawModifyDeleteEventType_SourceNode,3593,Variable
AuditHistoryRawModifyDeleteEventType_SourceName,3594,Variable
AuditHistoryRawModifyDeleteEventType_Time,3595,Variable
AuditHistoryRawModifyDeleteEventType_ReceiveTime,3596,Variable
AuditHistoryRawModifyDeleteEventType_LocalTime,3597,Variable
AuditHistoryRawModifyDeleteEventType_Message,3598,Variable
AuditHistoryRawModifyDeleteEventType_Severity,3599,Variable
AuditHistoryRawModifyDeleteEventType_ActionTimeStamp,3600,Variable
AuditHistoryRawModifyDeleteEventType_Status,3601,Variable
AuditHistoryRawModifyDeleteEventType_ServerId,3602,Variable
AuditHistoryRawModifyDeleteEventType_ClientAuditEntryId,3603,Variable
AuditHistoryRawModifyDeleteEventType_ClientUserId,3604,Variable
AuditHistoryRawModifyDeleteEventType_ParameterDataTypeId,3605,Variable
AuditHistoryRawModifyDeleteEventType_UpdatedNode,3606,Variable
AuditHistoryAtTimeDeleteEventType_EventId,3607,Variable
AuditHistoryAtTimeDeleteEventType_EventType,3608,Variable
AuditHistoryAtTimeDeleteEventType_SourceNode,3609,Variable
AuditHistoryAtTimeDeleteEventType_SourceName,3610,Variable
AuditHistoryAtTimeDeleteEventType_Time,3611,Variable
AuditHistoryAtTimeDeleteEventType_ReceiveTime,3612,Variable
AuditHistoryAtTimeDeleteEventType_LocalTime,3613,Variable
AuditHistoryAtTimeDeleteEventType_Message,3614,Variable
AuditHistoryAtTimeDeleteEventType_Severity,3615,Variable
AuditHistoryAtTimeDeleteEventType_ActionTimeStamp,3616,Variable
AuditHistoryAtTimeDeleteEventType_Status,3617,Variable
AuditHistoryAtTimeDeleteEventType_ServerId,3618,Variable
AuditHistoryAtTimeDeleteEventType_ClientAuditEntryId,3619,Variable
AuditHistoryAtTimeDeleteEventType_ClientUserId,3620,Variable
AuditHistoryAtTimeDeleteEventType_ParameterDataTypeId,3621,Variable
AuditHistoryAtTimeDeleteEventType_UpdatedNode,3622,Variable
AuditHistoryEventDeleteEventType_EventId,3623,Variable
AuditHistoryEventDeleteEventType_EventType,3624,Variable
AuditHistoryEventDeleteEventType_SourceNode,3625,Variable
AuditHistoryEventDeleteEventType_SourceName,3626,Variable
AuditHistoryEventDeleteEventType_Time,3627,Variable
AuditHistoryEventDeleteEventType_ReceiveTime,3628,Variable
AuditHistoryEventDeleteEventType_LocalTime,3629,Variable
AuditHistoryEventDeleteEventType_Message,3630,Variable
AuditHistoryEventDeleteEventType_Severity,3631,Variable
AuditHistoryEventDeleteEventType_ActionTimeStamp,3632,Variable
AuditHistoryEventDeleteEventType_Status,3633,Variable
AuditHistoryEventDeleteEventType_ServerId,3634,Variable
AuditHistoryEventDeleteEventType_ClientAuditEntryId,3635,Variable
AuditHistoryEventDeleteEventType_ClientUserId,3636,Variable
AuditHistoryEventDeleteEventType_ParameterDataTypeId,3637,Variable
AuditHistoryEventDeleteEventType_UpdatedNode,3638,Variable
AuditUpdateMethodEventType_EventId,3639,Variable
AuditUpdateMethodEventType_EventType,3640,Variable
AuditUpdateMethodEventType_SourceNode,3641,Variable
AuditUpdateMethodEventType_SourceName,3642,Variable
AuditUpdateMethodEventType_Time,3643,Variable
AuditUpdateMethodEventType_ReceiveTime,3644,Variable
AuditUpdateMethodEventType_LocalTime,3645,Variable
AuditUpdateMethodEventType_Message,3646,Variable
AuditUpdateMethodEventType_Severity,3647,Variable
AuditUpdateMethodEventType_ActionTimeStamp,3648,Variable
AuditUpdateMethodEventType_Status,3649,Variable
AuditUpdateMethodEventType_ServerId,3650,Variable
AuditUpdateMethodEventType_ClientAuditEntryId,3651,Variable
AuditUpdateMethodEventType_ClientUserId,3652,Variable
SystemEventType_EventId,3653,Variable
SystemEventType_EventType,3654,Variable
SystemEventType_SourceNode,3655,Variable
SystemEventType_SourceName,3656,Variable
SystemEventType_Time,3657,Variable
SystemEventType_ReceiveTime,3658,Variable
SystemEventType_LocalTime,3659,Variable
SystemEventType_Message,3660,Variable
SystemEventType_Severity,3661,Variable
DeviceFailureEventType_EventId,3662,Variable
DeviceFailureEventType_EventType,3663,Variable
DeviceFailureEventType_SourceNode,3664,Variable
DeviceFailureEventType_SourceName,3665,Variable
DeviceFailureEventType_Time,3666,Variable
DeviceFailureEventType_ReceiveTime,3667,Variable
DeviceFailureEventType_LocalTime,3668,Variable
DeviceFailureEventType_Message,3669,Variable
DeviceFailureEventType_Severity,3670,Variable
BaseModelChangeEventType_EventId,3671,Variable
BaseModelChangeEventType_EventType,3672,Variable
BaseModelChangeEventType_SourceNode,3673,Variable
BaseModelChangeEventType_SourceName,3674,Variable
BaseModelChangeEventType_Time,3675,Variable
BaseModelChangeEventType_ReceiveTime,3676,Variable
BaseModelChangeEventType_LocalTime,3677,Variable
BaseModelChangeEventType_Message,3678,Variable
BaseModelChangeEventType_Severity,3679,Variable
GeneralModelChangeEventType_EventId,3680,Variable
GeneralModelChangeEventType_EventType,3681,Variable
GeneralModelChangeEventType_SourceNode,3682,Variable
GeneralModelChangeEventType_SourceName,3683,Variable
GeneralModelChangeEventType_Time,3684,Variable
GeneralModelChangeEventType_ReceiveTime,3685,Variable
GeneralModelChangeEventType_LocalTime,3686,Variable
GeneralModelChangeEventType_Message,3687,Variable
GeneralModelChangeEventType_Severity,3688,Variable
SemanticChangeEventType_EventId,3689,Variable
SemanticChangeEventType_EventType,3690,Variable
SemanticChangeEventType_SourceNode,3691,Variable
SemanticChangeEventType_SourceName,3692,Variable
SemanticChangeEventType_Time,3693,Variable
SemanticChangeEventType_ReceiveTime,3694,Variable
SemanticChangeEventType_LocalTime,3695,Variable
SemanticChangeEventType_Message,3696,Variable
SemanticChangeEventType_Severity,3697,Variable
ServerStatusType_BuildInfo_ProductUri,3698,Variable
ServerStatusType_BuildInfo_ManufacturerName,3699,Variable
ServerStatusType_BuildInfo_ProductName,3700,Variable
ServerStatusType_BuildInfo_SoftwareVersion,3701,Variable
ServerStatusType_BuildInfo_BuildNumber,3702,Variable
ServerStatusType_BuildInfo_BuildDate,3703,Variable
Server_ServerCapabilities_SoftwareCertificates,3704,Variable
Server_ServerDiagnostics_ServerDiagnosticsSummary_RejectedSessionCount,3705,Variable
Server_ServerDiagnostics_SessionsDiagnosticsSummary,3706,Object
Server_ServerDiagnostics_SessionsDiagnosticsSummary_SessionDiagnosticsArray,3707,Variable
Server_ServerDiagnostics_SessionsDiagnosticsSummary_SessionSecurityDiagnosticsArray,3708,Variable
Server_ServerRedundancy_RedundancySupport,3709,Variable
FiniteStateVariableType_Name,3714,Variable
FiniteStateVariableType_Number,3715,Variable
FiniteStateVariableType_EffectiveDisplayName,3716,Variable
FiniteTransitionVariableType_Name,3717,Variable
FiniteTransitionVariableType_Number,3718,Variable
FiniteTransitionVariableType_TransitionTime,3719,Variable
StateMachineType_CurrentState_Id,3720,Variable
StateMachineType_CurrentState_Name,3721,Variable
StateMachineType_CurrentState_Number,3722,Variable
StateMachineType_CurrentState_EffectiveDisplayName,3723,Variable
StateMachineType_LastTransition_Id,3724,Variable
StateMachineType_LastTransition_Name,3725,Variable
StateMachineType_LastTransition_Number,3726,Variable
StateMachineType_LastTransition_TransitionTime,3727,Variable
FiniteStateMachineType_CurrentState_Id,3728,Variable
FiniteStateMachineType_CurrentState_Name,3729,Variable
FiniteStateMachineType_CurrentState_Number,3730,Variable
FiniteStateMachineType_CurrentState_EffectiveDisplayName,3731,Variable
FiniteStateMachineType_LastTransition_Id,3732,Variable
FiniteStateMachineType_LastTransition_Name,3733,Variable
FiniteStateMachineType_LastTransition_Number,3734,Variable
FiniteStateMachineType_LastTransition_TransitionTime,3735,Variable
InitialStateType_StateNumber,3736,Variable
TransitionEventType_EventId,3737,Variable
TransitionEventType_EventType,3738,Variable
TransitionEventType_SourceNode,3739,Variable
TransitionEventType_SourceName,3740,Variable
TransitionEventType_Time,3741,Variable
TransitionEventType_ReceiveTime,3742,Variable
TransitionEventType_LocalTime,3743,Variable
TransitionEventType_Message,3744,Variable
TransitionEventType_Severity,3745,Variable
TransitionEventType_FromState_Id,3746,Variable
TransitionEventType_FromState_Name,3747,Variable
TransitionEventType_FromState_Number,3748,Variable
TransitionEventType_FromState_EffectiveDisplayName,3749,Variable
TransitionEventType_ToState_Id,3750,Variable
TransitionEventType_ToState_Name,3751,Variable
TransitionEventType_ToState_Number,3752,Variable
TransitionEventType_ToState_EffectiveDisplayName,3753,Variable
TransitionEventType_Transition_Id,3754,Variable
TransitionEventType_Transition_Name,3755,Variable
TransitionEventType_Transition_Number,3756,Variable
TransitionEventType_Transition_TransitionTime,3757,Variable
AuditUpdateStateEventType_EventId,3758,Variable
AuditUpdateStateEventType_EventType,3759,Variable
AuditUpdateStateEventType_SourceNode,3760,Variable
AuditUpdateStateEventType_SourceName,3761,Variable
AuditUpdateStateEventType_Time,3762,Variable
AuditUpdateStateEventType_ReceiveTime,3763,Variable
AuditUpdateStateEventType_LocalTime,3764,Variable
AuditUpdateStateEventType_Message,3765,Variable
AuditUpdateStateEventType_Severity,3766,Variable
AuditUpdateStateEventType_ActionTimeStamp,3767,Variable
AuditUpdateStateEventType_Status,3768,Variable
AuditUpdateStateEventType_ServerId,3769,Variable
AuditUpdateStateEventType_ClientAuditEntryId,3770,Variable
AuditUpdateStateEventType_ClientUserId,3771,Variable
AuditUpdateStateEventType_MethodId,3772,Variable
AuditUpdateStateEventType_InputArguments,3773,Variable
AnalogItemType_Definition,3774,Variable
AnalogItemType_ValuePrecision,3775,Variable
DiscreteItemType_Definition,3776,Variable
DiscreteItemType_ValuePrecision,3777,Variable
TwoStateDiscreteType_Definition,3778,Variable
TwoStateDiscreteType_ValuePrecision,3779,Variable
MultiStateDiscreteType_Definition,3780,Variable
MultiStateDiscreteType_ValuePrecision,3781,Variable
ProgramTransitionEventType_EventId,3782,Variable
ProgramTransitionEventType_EventType,3783,Variable
ProgramTransitionEventType_SourceNode,3784,Variable
ProgramTransitionEventType_SourceName,3785,Variable
ProgramTransitionEventType_Time,3786,Variable
ProgramTransitionEventType_ReceiveTime,3787,Variable
ProgramTransitionEventType_LocalTime,3788,Variable
ProgramTransitionEventType_Message,3789,Variable
ProgramTransitionEventType_Severity,3790,Variable
ProgramTransitionEventType_FromState,3791,Variable
ProgramTransitionEventType_FromState_Id,3792,Variable
ProgramTransitionEventType_FromState_Name,3793,Variable
ProgramTransitionEventType_FromState_Number,3794,Variable
ProgramTransitionEventType_FromState_EffectiveDisplayName,3795,Variable
ProgramTransitionEventType_ToState,3796,Variable
ProgramTransitionEventType_ToState_Id,3797,Variable
ProgramTransitionEventType_ToState_Name,3798,Variable
ProgramTransitionEventType_ToState_Number,3799,Variable
ProgramTransitionEventType_ToState_EffectiveDisplayName,3800,Variable
ProgramTransitionEventType_Transition,3801,Variable
ProgramTransitionEventType_Transition_Id,3802,Variable
ProgramTransitionEventType_Transition_Name,3803,Variable
ProgramTransitionEventType_Transition_Number,3804,Variable
ProgramTransitionEventType_Transition_TransitionTime,3805,Variable
ProgramTransitionAuditEventType,3806,ObjectType
ProgramTransitionAuditEventType_EventId,3807,Variable
ProgramTransitionAuditEventType_EventType,3808,Variable
ProgramTransitionAuditEventType_SourceNode,3809,Variable
ProgramTransitionAuditEventType_SourceName,3810,Variable
ProgramTransitionAuditEventType_Time,3811,Variable
ProgramTransitionAuditEventType_ReceiveTime,3812,Variable
ProgramTransitionAuditEventType_LocalTime,3813,Variable
ProgramTransitionAuditEventType_Message,3814,Variable
ProgramTransitionAuditEventType_Severity,3815,Variable
ProgramTransitionAuditEventType_ActionTimeStamp,3816,Variable
ProgramTransitionAuditEventType_Status,3817,Variable
ProgramTransitionAuditEventType_ServerId,3818,Variable
ProgramTransitionAuditEventType_ClientAuditEntryId,3819,Variable
ProgramTransitionAuditEventType_ClientUserId,3820,Variable
ProgramTransitionAuditEventType_MethodId,3821,Variable
ProgramTransitionAuditEventType_InputArguments,3822,Variable
ProgramTransitionAuditEventType_OldStateId,3823,Variable
ProgramTransitionAuditEventType_NewStateId,3824,Variable
ProgramTransitionAuditEventType_Transition,3825,Variable
ProgramTransitionAuditEventType_Transition_Id,3826,Variable
ProgramTransitionAuditEventType_Transition_Name,3827,Variable
ProgramTransitionAuditEventType_Transition_Number,3828,Variable
ProgramTransitionAuditEventType_Transition_TransitionTime,3829,Variable
ProgramStateMachineType_CurrentState,3830,Variable
ProgramStateMachineType_CurrentState_Id,3831,Variable
ProgramStateMachineType_CurrentState_Name,3832,Variable
ProgramStateMachineType_CurrentState_Number,3833,Variable
ProgramStateMachineType_CurrentState_EffectiveDisplayName,3834,Variable
ProgramStateMachineType_LastTransition,3835,Variable
ProgramStateMachineType_LastTransition_Id,3836,Variable
ProgramStateMachineType_LastTransition_Name,3837,Variable
ProgramStateMachineType_LastTransition_Number,3838,Variable
ProgramStateMachineType_LastTransition_TransitionTime,3839,Variable
ProgramStateMachineType_ProgramDiagnostics_CreateSessionId,3840,Variable
ProgramStateMachineType_ProgramDiagnostics_CreateClientName,3841,Variable
ProgramStateMachineType_ProgramDiagnostics_InvocationCreationTime,3842,Variable
ProgramStateMachineType_ProgramDiagnostics_LastTransitionTime,3843,Variable
ProgramStateMachineType_ProgramDiagnostics_LastMethodCall,3844,Variable
ProgramStateMachineType_ProgramDiagnostics_LastMethodSessionId,3845,Variable
ProgramStateMachineType_ProgramDiagnostics_LastMethodInputArguments,3846,Variable
ProgramStateMachineType_ProgramDiagnostics_LastMethodOutputArguments,3847,Variable
ProgramStateMachineType_ProgramDiagnostics_LastMethodCallTime,3848,Variable
ProgramStateMachineType_ProgramDiagnostics_LastMethodReturnStatus,3849,Variable
ProgramStateMachineType_FinalResultData,3850,Object
AddCommentMethodType,3863,Method
AddCommentMethodType_InputArguments,3864,Variable
ConditionType_EventId,3865,Variable
ConditionType_EventType,3866,Variable
ConditionType_SourceNode,3867,Variable
ConditionType_SourceName,3868,Variable
ConditionType_Time,3869,Variable
ConditionType_ReceiveTime,3870,Variable
ConditionType_LocalTime,3871,Variable
ConditionType_Message,3872,Variable
ConditionType_Severity,3873,Variable
ConditionType_Retain,3874,Variable
ConditionType_ConditionRefresh,3875,Method
ConditionType_ConditionRefresh_InputArguments,3876,Variable
RefreshStartEventType_EventId,3969,Variable
RefreshStartEventType_EventType,3970,Variable
RefreshStartEventType_SourceNode,3971,Variable
RefreshStartEventType_SourceName,3972,Variable
RefreshStartEventType_Time,3973,Variable
RefreshStartEventType_ReceiveTime,3974,Variable
RefreshStartEventType_LocalTime,3975,Variable
RefreshStartEventType_Message,3976,Variable
RefreshStartEventType_Severity,3977,Variable
RefreshEndEventType_EventId,3978,Variable
RefreshEndEventType_EventType,3979,Variable
RefreshEndEventType_SourceNode,3980,Variable
RefreshEndEventType_SourceName,3981,Variable
RefreshEndEventType_Time,3982,Variable
RefreshEndEventType_ReceiveTime,3983,Variable
RefreshEndEventType_LocalTime,3984,Variable
RefreshEndEventType_Message,3985,Variable
RefreshEndEventType_Severity,3986,Variable
RefreshRequiredEventType_EventId,3987,Variable
RefreshRequiredEventType_EventType,3988,Variable
RefreshRequiredEventType_SourceNode,3989,Variable
RefreshRequiredEventType_SourceName,3990,Variable
RefreshRequiredEventType_Time,3991,Variable
RefreshRequiredEventType_ReceiveTime,3992,Variable
RefreshRequiredEventType_LocalTime,3993,Variable
RefreshRequiredEventType_Message,3994,Variable
RefreshRequiredEventType_Severity,3995,Variable
AuditConditionEventType_EventId,3996,Variable
AuditConditionEventType_EventType,3997,Variable
AuditConditionEventType_SourceNode,3998,Variable
AuditConditionEventType_SourceName,3999,Variable
AuditConditionEventType_Time,4000,Variable
AuditConditionEventType_ReceiveTime,4001,Variable
AuditConditionEventType_LocalTime,4002,Variable
AuditConditionEventType_Message,4003,Variable
AuditConditionEventType_Severity,4004,Variable
AuditConditionEventType_ActionTimeStamp,4005,Variable
AuditConditionEventType_Status,4006,Variable
AuditConditionEventType_ServerId,4007,Variable
AuditConditionEventType_ClientAuditEntryId,4008,Variable
AuditConditionEventType_ClientUserId,4009,Variable
AuditConditionEventType_MethodId,4010,Variable
AuditConditionEventType_InputArguments,4011,Variable
AuditConditionEnableEventType_EventId,4106,Variable
AuditConditionEnableEventType_EventType,4107,Variable
AuditConditionEnableEventType_SourceNode,4108,Variable
AuditConditionEnableEventType_SourceName,4109,Variable
AuditConditionEnableEventType_Time,4110,Variable
AuditConditionEnableEventType_ReceiveTime,4111,Variable
AuditConditionEnableEventType_LocalTime,4112,Variable
AuditConditionEnableEventType_Message,4113,Variable
AuditConditionEnableEventType_Severity,4114,Variable
AuditConditionEnableEventType_ActionTimeStamp,4115,Variable
AuditConditionEnableEventType_Status,4116,Variable
AuditConditionEnableEventType_ServerId,4117,Variable
AuditConditionEnableEventType_ClientAuditEntryId,4118,Variable
AuditConditionEnableEventType_ClientUserId,4119,Variable
AuditConditionEnableEventType_MethodId,4120,Variable
AuditConditionEnableEventType_InputArguments,4121,Variable
AuditConditionCommentEventType_EventId,4170,Variable
AuditConditionCommentEventType_EventType,4171,Variable
AuditConditionCommentEventType_SourceNode,4172,Variable
AuditConditionCommentEventType_SourceName,4173,Variable
AuditConditionCommentEventType_Time,4174,Variable
AuditConditionCommentEventType_ReceiveTime,4175,Variable
AuditConditionCommentEventType_LocalTime,4176,Variable
AuditConditionCommentEventType_Message,4177,Variable
AuditConditionCommentEventType_Severity,4178,Variable
AuditConditionCommentEventType_ActionTimeStamp,4179,Variable
AuditConditionCommentEventType_Status,4180,Variable
AuditConditionCommentEventType_ServerId,4181,Variable
AuditConditionCommentEventType_ClientAuditEntryId,4182,Variable
AuditConditionCommentEventType_ClientUserId,4183,Variable
AuditConditionCommentEventType_MethodId,4184,Variable
AuditConditionCommentEventType_InputArguments,4185,Variable
DialogConditionType_EventId,4188,Variable
DialogConditionType_EventType,4189,Variable
DialogConditionType_SourceNode,4190,Variable
DialogConditionType_SourceName,4191,Variable
DialogConditionType_Time,4192,Variable
DialogConditionType_ReceiveTime,4193,Variable
DialogConditionType_LocalTime,4194,Variable
DialogConditionType_Message,4195,Variable
DialogConditionType_Severity,4196,Variable
DialogConditionType_Retain,4197,Variable
DialogConditionType_ConditionRefresh,4198,Method
DialogConditionType_ConditionRefresh_InputArguments,4199,Variable
AcknowledgeableConditionType_EventId,5113,Variable
AcknowledgeableConditionType_EventType,5114,Variable
AcknowledgeableConditionType_SourceNode,5115,Variable
AcknowledgeableConditionType_SourceName,5116,Variable
AcknowledgeableConditionType_Time,5117,Variable
AcknowledgeableConditionType_ReceiveTime,5118,Variable
AcknowledgeableConditionType_LocalTime,5119,Variable
AcknowledgeableConditionType_Message,5120,Variable
AcknowledgeableConditionType_Severity,5121,Variable
AcknowledgeableConditionType_Retain,5122,Variable
AcknowledgeableConditionType_ConditionRefresh,5123,Method
AcknowledgeableConditionType_ConditionRefresh_InputArguments,5124,Variable
AlarmConditionType_EventId,5540,Variable
AlarmConditionType_EventType,5541,Variable
AlarmConditionType_SourceNode,5542,Variable
AlarmConditionType_SourceName,5543,Variable
AlarmConditionType_Time,5544,Variable
AlarmConditionType_ReceiveTime,5545,Variable
AlarmConditionType_LocalTime,5546,Variable
AlarmConditionType_Message,5547,Variable
AlarmConditionType_Severity,5548,Variable
AlarmConditionType_Retain,5549,Variable
AlarmConditionType_ConditionRefresh,5550,Method
AlarmConditionType_ConditionRefresh_InputArguments,5551,Variable
ShelvedStateMachineType_CurrentState,6088,Variable
ShelvedStateMachineType_CurrentState_Id,6089,Variable
ShelvedStateMachineType_CurrentState_Name,6090,Variable
ShelvedStateMachineType_CurrentState_Number,6091,Variable
ShelvedStateMachineType_CurrentState_EffectiveDisplayName,6092,Variable
ShelvedStateMachineType_LastTransition,6093,Variable
ShelvedStateMachineType_LastTransition_Id,6094,Variable
ShelvedStateMachineType_LastTransition_Name,6095,Variable
ShelvedStateMachineType_LastTransition_Number,6096,Variable
ShelvedStateMachineType_LastTransition_TransitionTime,6097,Variable
ShelvedStateMachineType_Unshelved_StateNumber,6098,Variable
ShelvedStateMachineType_TimedShelved_StateNumber,6100,Variable
ShelvedStateMachineType_OneShotShelved_StateNumber,6101,Variable
TimedShelveMethodType,6102,Method
TimedShelveMethodType_InputArguments,6103,Variable
LimitAlarmType_EventId,6116,Variable
LimitAlarmType_EventType,6117,Variable
LimitAlarmType_SourceNode,6118,Variable
LimitAlarmType_SourceName,6119,Variable
LimitAlarmType_Time,6120,Variable
LimitAlarmType_ReceiveTime,6121,Variable
LimitAlarmType_LocalTime,6122,Variable
LimitAlarmType_Message,6123,Variable
LimitAlarmType_Severity,6124,Variable
LimitAlarmType_Retain,6125,Variable
LimitAlarmType_ConditionRefresh,6126,Method
LimitAlarmType_ConditionRefresh_InputArguments,6127,Variable
IdType_EnumStrings,7591,Variable
EnumValueType,7594,DataType
MessageSecurityMode_EnumStrings,7595,Variable
UserTokenType_EnumStrings,7596,Variable
ApplicationType_EnumStrings,7597,Variable
SecurityTokenRequestType_EnumStrings,7598,Variable
ComplianceLevel_EnumStrings,7599,Variable
BrowseDirection_EnumStrings,7603,Variable
FilterOperator_EnumStrings,7605,Variable
TimestampsToReturn_EnumStrings,7606,Variable
MonitoringMode_EnumStrings,7608,Variable
DataChangeTrigger_EnumStrings,7609,Variable
DeadbandType_EnumStrings,7610,Variable
RedundancySupport_EnumStrings,7611,Variable
ServerState_EnumStrings,7612,Variable
ExceptionDeviationFormat_EnumStrings,7614,Variable
EnumValueType_Encoding_DefaultXml,7616,Object
OpcUa_BinarySchema,7617,Variable
OpcUa_BinarySchema_DataTypeVersion,7618,Variable
OpcUa_BinarySchema_NamespaceUri,7619,Variable
OpcUa_BinarySchema_Argument,7650,Variable
OpcUa_BinarySchema_Argument_DataTypeVersion,7651,Variable
OpcUa_BinarySchema_Argument_DictionaryFragment,7652,Variable
OpcUa_BinarySchema_EnumValueType,7656,Variable
OpcUa_BinarySchema_EnumValueType_DataTypeVersion,7657,Variable
OpcUa_BinarySchema_EnumValueType_DictionaryFragment,7658,Variable
OpcUa_BinarySchema_StatusResult,7659,Variable
OpcUa_BinarySchema_StatusResult_DataTypeVersion,7660,Variable
OpcUa_BinarySchema_StatusResult_DictionaryFragment,7661,Variable
OpcUa_BinarySchema_UserTokenPolicy,7662,Variable
OpcUa_BinarySchema_UserTokenPolicy_DataTypeVersion,7663,Variable
OpcUa_BinarySchema_UserTokenPolicy_DictionaryFragment,7664,Variable
OpcUa_BinarySchema_ApplicationDescription,7665,Variable
OpcUa_BinarySchema_ApplicationDescription_DataTypeVersion,7666,Variable
OpcUa_BinarySchema_ApplicationDescription_DictionaryFragment,7667,Variable
OpcUa_BinarySchema_EndpointDescription,7668,Variable
OpcUa_BinarySchema_EndpointDescription_DataTypeVersion,7669,Variable
OpcUa_BinarySchema_EndpointDescription_DictionaryFragment,7670,Variable
OpcUa_BinarySchema_UserIdentityToken,7671,Variable
OpcUa_BinarySchema_UserIdentityToken_DataTypeVersion,7672,Variable
OpcUa_BinarySchema_UserIdentityToken_DictionaryFragment,7673,Variable
OpcUa_BinarySchema_AnonymousIdentityToken,7674,Variable
OpcUa_BinarySchema_AnonymousIdentityToken_DataTypeVersion,7675,Variable
OpcUa_BinarySchema_AnonymousIdentityToken_DictionaryFragment,7676,Variable
OpcUa_BinarySchema_UserNameIdentityToken,7677,Variable
OpcUa_BinarySchema_UserNameIdentityToken_DataTypeVersion,7678,Variable
OpcUa_BinarySchema_UserNameIdentityToken_DictionaryFragment,7679,Variable
OpcUa_BinarySchema_X509IdentityToken,7680,Variable
OpcUa_BinarySchema_X509IdentityToken_DataTypeVersion,7681,Variable
OpcUa_BinarySchema_X509IdentityToken_DictionaryFragment,7682,Variable
OpcUa_BinarySchema_IssuedIdentityToken,7683,Variable
OpcUa_BinarySchema_IssuedIdentityToken_DataTypeVersion,7684,Variable
OpcUa_BinarySchema_IssuedIdentityToken_DictionaryFragment,7685,Variable
OpcUa_BinarySchema_EndpointConfiguration,7686,Variable
OpcUa_BinarySchema_EndpointConfiguration_DataTypeVersion,7687,Variable
OpcUa_BinarySchema_EndpointConfiguration_DictionaryFragment,7688,Variable
OpcUa_BinarySchema_SupportedProfile,7689,Variable
OpcUa_BinarySchema_SupportedProfile_DataTypeVersion,7690,Variable
OpcUa_BinarySchema_SupportedProfile_DictionaryFragment,7691,Variable
OpcUa_BinarySchema_BuildInfo,7692,Variable
OpcUa_BinarySchema_BuildInfo_DataTypeVersion,7693,Variable
OpcUa_BinarySchema_BuildInfo_DictionaryFragment,7694,Variable
OpcUa_BinarySchema_SoftwareCertificate,7695,Variable
OpcUa_BinarySchema_SoftwareCertificate_DataTypeVersion,7696,Variable
OpcUa_BinarySchema_SoftwareCertificate_DictionaryFragment,7697,Variable
OpcUa_BinarySchema_SignedSoftwareCertificate,7698,Variable
OpcUa_BinarySchema_SignedSoftwareCertificate_DataTypeVersion,7699,Variable
OpcUa_BinarySchema_SignedSoftwareCertificate_DictionaryFragment,7700,Variable
OpcUa_BinarySchema_AddNodesItem,7728,Variable
OpcUa_BinarySchema_AddNodesItem_DataTypeVersion,7729,Variable
OpcUa_BinarySchema_AddNodesItem_DictionaryFragment,7730,Variable
OpcUa_BinarySchema_AddReferencesItem,7731,Variable
OpcUa_BinarySchema_AddReferencesItem_DataTypeVersion,7732,Variable
OpcUa_BinarySchema_AddReferencesItem_DictionaryFragment,7733,Variable
OpcUa_BinarySchema_DeleteNodesItem,7734,Variable
OpcUa_BinarySchema_DeleteNodesItem_DataTypeVersion,7735,Variable
OpcUa_BinarySchema_DeleteNodesItem_DictionaryFragment,7736,Variable
OpcUa_BinarySchema_DeleteReferencesItem,7737,Variable
OpcUa_BinarySchema_DeleteReferencesItem_DataTypeVersion,7738,Variable
OpcUa_BinarySchema_DeleteReferencesItem_DictionaryFragment,7739,Variable
OpcUa_BinarySchema_ScalarTestType,7749,Variable
OpcUa_BinarySchema_ScalarTestType_DataTypeVersion,7750,Variable
OpcUa_BinarySchema_ScalarTestType_DictionaryFragment,7751,Variable
OpcUa_BinarySchema_ArrayTestType,7752,Variable
OpcUa_BinarySchema_ArrayTestType_DataTypeVersion,7753,Variable
OpcUa_BinarySchema_ArrayTestType_DictionaryFragment,7754,Variable
OpcUa_BinarySchema_CompositeTestType,7755,Variable
OpcUa_BinarySchema_CompositeTestType_DataTypeVersion,7756,Variable
OpcUa_BinarySchema_CompositeTestType_DictionaryFragment,7757,Variable
OpcUa_BinarySchema_RegisteredServer,7782,Variable
OpcUa_BinarySchema_RegisteredServer_DataTypeVersion,7783,Variable
OpcUa_BinarySchema_RegisteredServer_DictionaryFragment,7784,Variable
OpcUa_BinarySchema_ContentFilterElement,7929,Variable
OpcUa_BinarySchema_ContentFilterElement_DataTypeVersion,7930,Variable
OpcUa_BinarySchema_ContentFilterElement_DictionaryFragment,7931,Variable
OpcUa_BinarySchema_ContentFilter,7932,Variable
OpcUa_BinarySchema_ContentFilter_DataTypeVersion,7933,Variable
OpcUa_BinarySchema_ContentFilter_DictionaryFragment,7934,Variable
OpcUa_BinarySchema_FilterOperand,7935,Variable
OpcUa_BinarySchema_FilterOperand_DataTypeVersion,7936,Variable
OpcUa_BinarySchema_FilterOperand_DictionaryFragment,7937,Variable
OpcUa_BinarySchema_ElementOperand,7938,Variable
OpcUa_BinarySchema_ElementOperand_DataTypeVersion,7939,Variable
OpcUa_BinarySchema_ElementOperand_DictionaryFragment,7940,Variable
OpcUa_BinarySchema_LiteralOperand,7941,Variable
OpcUa_BinarySchema_LiteralOperand_DataTypeVersion,7942,Variable
OpcUa_BinarySchema_LiteralOperand_DictionaryFragment,7943,Variable
OpcUa_BinarySchema_AttributeOperand,7944,Variable
OpcUa_BinarySchema_AttributeOperand_DataTypeVersion,7945,Variable
OpcUa_BinarySchema_AttributeOperand_DictionaryFragment,7946,Variable
OpcUa_BinarySchema_SimpleAttributeOperand,7947,Variable
OpcUa_BinarySchema_SimpleAttributeOperand_DataTypeVersion,7948,Variable
OpcUa_BinarySchema_SimpleAttributeOperand_DictionaryFragment,7949,Variable
OpcUa_BinarySchema_HistoryEvent,8004,Variable
OpcUa_BinarySchema_HistoryEvent_DataTypeVersion,8005,Variable
OpcUa_BinarySchema_HistoryEvent_DictionaryFragment,8006,Variable
OpcUa_BinarySchema_MonitoringFilter,8067,Variable
OpcUa_BinarySchema_MonitoringFilter_DataTypeVersion,8068,Variable
OpcUa_BinarySchema_MonitoringFilter_DictionaryFragment,8069,Variable
OpcUa_BinarySchema_EventFilter,8073,Variable
OpcUa_BinarySchema_EventFilter_DataTypeVersion,8074,Variable
OpcUa_BinarySchema_EventFilter_DictionaryFragment,8075,Variable
OpcUa_BinarySchema_AggregateConfiguration,8076,Variable
OpcUa_BinarySchema_AggregateConfiguration_DataTypeVersion,8077,Variable
OpcUa_BinarySchema_AggregateConfiguration_DictionaryFragment,8078,Variable
OpcUa_BinarySchema_HistoryEventFieldList,8172,Variable
OpcUa_BinarySchema_HistoryEventFieldList_DataTypeVersion,8173,Variable
OpcUa_BinarySchema_HistoryEventFieldList_DictionaryFragment,8174,Variable
OpcUa_BinarySchema_RedundantServerDataType,8208,Variable
OpcUa_BinarySchema_RedundantServerDataType_DataTypeVersion,8209,Variable
OpcUa_BinarySchema_RedundantServerDataType_DictionaryFragment,8210,Variable
OpcUa_BinarySchema_SamplingIntervalDiagnosticsDataType,8211,Variable
OpcUa_BinarySchema_SamplingIntervalDiagnosticsDataType_DataTypeVersion,8212,Variable
OpcUa_BinarySchema_SamplingIntervalDiagnosticsDataType_DictionaryFragment,8213,Variable
OpcUa_BinarySchema_ServerDiagnosticsSummaryDataType,8214,Variable
OpcUa_BinarySchema_ServerDiagnosticsSummaryDataType_DataTypeVersion,8215,Variable
OpcUa_BinarySchema_ServerDiagnosticsSummaryDataType_DictionaryFragment,8216,Variable
OpcUa_BinarySchema_ServerStatusDataType,8217,Variable
OpcUa_BinarySchema_ServerStatusDataType_DataTypeVersion,8218,Variable
OpcUa_BinarySchema_ServerStatusDataType_DictionaryFragment,8219,Variable
OpcUa_BinarySchema_SessionDiagnosticsDataType,8220,Variable
OpcUa_BinarySchema_SessionDiagnosticsDataType_DataTypeVersion,8221,Variable
OpcUa_BinarySchema_SessionDiagnosticsDataType_DictionaryFragment,8222,Variable
OpcUa_BinarySchema_SessionSecurityDiagnosticsDataType,8223,Variable
OpcUa_BinarySchema_SessionSecurityDiagnosticsDataType_DataTypeVersion,8224,Variable
OpcUa_BinarySchema_SessionSecurityDiagnosticsDataType_DictionaryFragment,8225,Variable
OpcUa_BinarySchema_ServiceCounterDataType,8226,Variable
OpcUa_BinarySchema_ServiceCounterDataType_DataTypeVersion,8227,Variable
OpcUa_BinarySchema_ServiceCounterDataType_DictionaryFragment,8228,Variable
OpcUa_BinarySchema_SubscriptionDiagnosticsDataType,8229,Variable
OpcUa_BinarySchema_SubscriptionDiagnosticsDataType_DataTypeVersion,8230,Variable
OpcUa_BinarySchema_SubscriptionDiagnosticsDataType_DictionaryFragment,8231,Variable
OpcUa_BinarySchema_ModelChangeStructureDataType,8232,Variable
OpcUa_BinarySchema_ModelChangeStructureDataType_DataTypeVersion,8233,Variable
OpcUa_BinarySchema_ModelChangeStructureDataType_DictionaryFragment,8234,Variable
OpcUa_BinarySchema_SemanticChangeStructureDataType,8235,Variable
OpcUa_BinarySchema_SemanticChangeStructureDataType_DataTypeVersion,8236,Variable
OpcUa_BinarySchema_SemanticChangeStructureDataType_DictionaryFragment,8237,Variable
OpcUa_BinarySchema_Range,8238,Variable
OpcUa_BinarySchema_Range_DataTypeVersion,8239,Variable
OpcUa_BinarySchema_Range_DictionaryFragment,8240,Variable
OpcUa_BinarySchema_EUInformation,8241,Variable
OpcUa_BinarySchema_EUInformation_DataTypeVersion,8242,Variable
OpcUa_BinarySchema_EUInformation_DictionaryFragment,8243,Variable
OpcUa_BinarySchema_Annotation,8244,Variable
OpcUa_BinarySchema_Annotation_DataTypeVersion,8245,Variable
OpcUa_BinarySchema_Annotation_DictionaryFragment,8246,Variable
OpcUa_BinarySchema_ProgramDiagnosticDataType,8247,Variable
OpcUa_BinarySchema_ProgramDiagnosticDataType_DataTypeVersion,8248,Variable
OpcUa_BinarySchema_ProgramDiagnosticDataType_DictionaryFragment,8249,Variable
EnumValueType_Encoding_DefaultBinary,8251,Object
OpcUa_XmlSchema,8252,Variable
OpcUa_XmlSchema_DataTypeVersion,8253,Variable
OpcUa_XmlSchema_NamespaceUri,8254,Variable
OpcUa_XmlSchema_Argument,8285,Variable
OpcUa_XmlSchema_Argument_DataTypeVersion,8286,Variable
OpcUa_XmlSchema_Argument_DictionaryFragment,8287,Variable
OpcUa_XmlSchema_EnumValueType,8291,Variable
OpcUa_XmlSchema_EnumValueType_DataTypeVersion,8292,Variable
OpcUa_XmlSchema_EnumValueType_DictionaryFragment,8293,Variable
OpcUa_XmlSchema_StatusResult,8294,Variable
OpcUa_XmlSchema_StatusResult_DataTypeVersion,8295,Variable
OpcUa_XmlSchema_StatusResult_DictionaryFragment,8296,Variable
OpcUa_XmlSchema_UserTokenPolicy,8297,Variable
OpcUa_XmlSchema_UserTokenPolicy_DataTypeVersion,8298,Variable
OpcUa_XmlSchema_UserTokenPolicy_DictionaryFragment,8299,Variable
OpcUa_XmlSchema_ApplicationDescription,8300,Variable
OpcUa_XmlSchema_ApplicationDescription_DataTypeVersion,8301,Variable
OpcUa_XmlSchema_ApplicationDescription_DictionaryFragment,8302,Variable
OpcUa_XmlSchema_EndpointDescription,8303,Variable
OpcUa_XmlSchema_EndpointDescription_DataTypeVersion,8304,Variable
OpcUa_XmlSchema_EndpointDescription_DictionaryFragment,8305,Variable
OpcUa_XmlSchema_UserIdentityToken,8306,Variable
OpcUa_XmlSchema_UserIdentityToken_DataTypeVersion,8307,Variable
OpcUa_XmlSchema_UserIdentityToken_DictionaryFragment,8308,Variable
OpcUa_XmlSchema_AnonymousIdentityToken,8309,Variable
OpcUa_XmlSchema_AnonymousIdentityToken_DataTypeVersion,8310,Variable
OpcUa_XmlSchema_AnonymousIdentityToken_DictionaryFragment,8311,Variable
OpcUa_XmlSchema_UserNameIdentityToken,8312,Variable
OpcUa_XmlSchema_UserNameIdentityToken_DataTypeVersion,8313,Variable
OpcUa_XmlSchema_UserNameIdentityToken_DictionaryFragment,8314,Variable
OpcUa_XmlSchema_X509IdentityToken,8315,Variable
OpcUa_XmlSchema_X509IdentityToken_DataTypeVersion,8316,Variable
OpcUa_XmlSchema_X509IdentityToken_DictionaryFragment,8317,Variable
OpcUa_XmlSchema_IssuedIdentityToken,8318,Variable
OpcUa_XmlSchema_IssuedIdentityToken_DataTypeVersion,8319,Variable
OpcUa_XmlSchema_IssuedIdentityToken_DictionaryFragment,8320,Variable
OpcUa_XmlSchema_EndpointConfiguration,8321,Variable
OpcUa_XmlSchema_EndpointConfiguration_DataTypeVersion,8322,Variable
OpcUa_XmlSchema_EndpointConfiguration_DictionaryFragment,8323,Variable
OpcUa_XmlSchema_SupportedProfile,8324,Variable
OpcUa_XmlSchema_SupportedProfile_DataTypeVersion,8325,Variable
OpcUa_XmlSchema_SupportedProfile_DictionaryFragment,8326,Variable
OpcUa_XmlSchema_BuildInfo,8327,Variable
OpcUa_XmlSchema_BuildInfo_DataTypeVersion,8328,Variable
OpcUa_XmlSchema_BuildInfo_DictionaryFragment,8329,Variable
OpcUa_XmlSchema_SoftwareCertificate,8330,Variable
OpcUa_XmlSchema_SoftwareCertificate_DataTypeVersion,8331,Variable
OpcUa_XmlSchema_SoftwareCertificate_DictionaryFragment,8332,Variable
OpcUa_XmlSchema_SignedSoftwareCertificate,8333,Variable
OpcUa_XmlSchema_SignedSoftwareCertificate_DataTypeVersion,8334,Variable
OpcUa_XmlSchema_SignedSoftwareCertificate_DictionaryFragment,8335,Variable
OpcUa_XmlSchema_AddNodesItem,8363,Variable
OpcUa_XmlSchema_AddNodesItem_DataTypeVersion,8364,Variable
OpcUa_XmlSchema_AddNodesItem_DictionaryFragment,8365,Variable
OpcUa_XmlSchema_AddReferencesItem,8366,Variable
OpcUa_XmlSchema_AddReferencesItem_DataTypeVersion,8367,Variable
OpcUa_XmlSchema_AddReferencesItem_DictionaryFragment,8368,Variable
OpcUa_XmlSchema_DeleteNodesItem,8369,Variable
OpcUa_XmlSchema_DeleteNodesItem_DataTypeVersion,8370,Variable
OpcUa_XmlSchema_DeleteNodesItem_DictionaryFragment,8371,Variable
OpcUa_XmlSchema_DeleteReferencesItem,8372,Variable
OpcUa_XmlSchema_DeleteReferencesItem_DataTypeVersion,8373,Variable
OpcUa_XmlSchema_DeleteReferencesItem_DictionaryFragment,8374,Variable
OpcUa_XmlSchema_ScalarTestType,8384,Variable
OpcUa_XmlSchema_ScalarTestType_DataTypeVersion,8385,Variable
OpcUa_XmlSchema_ScalarTestType_DictionaryFragment,8386,Variable
OpcUa_XmlSchema_ArrayTestType,8387,Variable
OpcUa_XmlSchema_ArrayTestType_DataTypeVersion,8388,Variable
OpcUa_XmlSchema_ArrayTestType_DictionaryFragment,8389,Variable
OpcUa_XmlSchema_CompositeTestType,8390,Variable
OpcUa_XmlSchema_CompositeTestType_DataTypeVersion,8391,Variable
OpcUa_XmlSchema_CompositeTestType_DictionaryFragment,8392,Variable
OpcUa_XmlSchema_RegisteredServer,8417,Variable
OpcUa_XmlSchema_RegisteredServer_DataTypeVersion,8418,Variable
OpcUa_XmlSchema_RegisteredServer_DictionaryFragment,8419,Variable
OpcUa_XmlSchema_ContentFilterElement,8564,Variable
OpcUa_XmlSchema_ContentFilterElement_DataTypeVersion,8565,Variable
OpcUa_XmlSchema_ContentFilterElement_DictionaryFragment,8566,Variable
OpcUa_XmlSchema_ContentFilter,8567,Variable
OpcUa_XmlSchema_ContentFilter_DataTypeVersion,8568,Variable
OpcUa_XmlSchema_ContentFilter_DictionaryFragment,8569,Variable
OpcUa_XmlSchema_FilterOperand,8570,Variable
OpcUa_XmlSchema_FilterOperand_DataTypeVersion,8571,Variable
OpcUa_XmlSchema_FilterOperand_DictionaryFragment,8572,Variable
OpcUa_XmlSchema_ElementOperand,8573,Variable
OpcUa_XmlSchema_ElementOperand_DataTypeVersion,8574,Variable
OpcUa_XmlSchema_ElementOperand_DictionaryFragment,8575,Variable
OpcUa_XmlSchema_LiteralOperand,8576,Variable
OpcUa_XmlSchema_LiteralOperand_DataTypeVersion,8577,Variable
OpcUa_XmlSchema_LiteralOperand_DictionaryFragment,8578,Variable
OpcUa_XmlSchema_AttributeOperand,8579,Variable
OpcUa_XmlSchema_AttributeOperand_DataTypeVersion,8580,Variable
OpcUa_XmlSchema_AttributeOperand_DictionaryFragment,8581,Variable
OpcUa_XmlSchema_SimpleAttributeOperand,8582,Variable
OpcUa_XmlSchema_SimpleAttributeOperand_DataTypeVersion,8583,Variable
OpcUa_XmlSchema_SimpleAttributeOperand_DictionaryFragment,8584,Variable
OpcUa_XmlSchema_HistoryEvent,8639,Variable
OpcUa_XmlSchema_HistoryEvent_DataTypeVersion,8640,Variable
OpcUa_XmlSchema_HistoryEvent_DictionaryFragment,8641,Variable
OpcUa_XmlSchema_MonitoringFilter,8702,Variable
OpcUa_XmlSchema_MonitoringFilter_DataTypeVersion,8703,Variable
OpcUa_XmlSchema_MonitoringFilter_DictionaryFragment,8704,Variable
OpcUa_XmlSchema_EventFilter,8708,Variable
OpcUa_XmlSchema_EventFilter_DataTypeVersion,8709,Variable
OpcUa_XmlSchema_EventFilter_DictionaryFragment,8710,Variable
OpcUa_XmlSchema_AggregateConfiguration,8711,Variable
OpcUa_XmlSchema_AggregateConfiguration_DataTypeVersion,8712,Variable
OpcUa_XmlSchema_AggregateConfiguration_DictionaryFragment,8713,Variable
OpcUa_XmlSchema_HistoryEventFieldList,8807,Variable
OpcUa_XmlSchema_HistoryEventFieldList_DataTypeVersion,8808,Variable
OpcUa_XmlSchema_HistoryEventFieldList_DictionaryFragment,8809,Variable
OpcUa_XmlSchema_RedundantServerDataType,8843,Variable
OpcUa_XmlSchema_RedundantServerDataType_DataTypeVersion,8844,Variable
OpcUa_XmlSchema_RedundantServerDataType_DictionaryFragment,8845,Variable
OpcUa_XmlSchema_SamplingIntervalDiagnosticsDataType,8846,Variable
OpcUa_XmlSchema_SamplingIntervalDiagnosticsDataType_DataTypeVersion,8847,Variable
OpcUa_XmlSchema_SamplingIntervalDiagnosticsDataType_DictionaryFragment,8848,Variable
OpcUa_XmlSchema_ServerDiagnosticsSummaryDataType,8849,Variable
OpcUa_XmlSchema_ServerDiagnosticsSummaryDataType_DataTypeVersion,8850,Variable
OpcUa_XmlSchema_ServerDiagnosticsSummaryDataType_DictionaryFragment,8851,Variable
OpcUa_XmlSchema_ServerStatusDataType,8852,Variable
OpcUa_XmlSchema_ServerStatusDataType_DataTypeVersion,8853,Variable
OpcUa_XmlSchema_ServerStatusDataType_DictionaryFragment,8854,Variable
OpcUa_XmlSchema_SessionDiagnosticsDataType,8855,Variable
OpcUa_XmlSchema_SessionDiagnosticsDataType_DataTypeVersion,8856,Variable
OpcUa_XmlSchema_SessionDiagnosticsDataType_DictionaryFragment,8857,Variable
OpcUa_XmlSchema_SessionSecurityDiagnosticsDataType,8858,Variable
OpcUa_XmlSchema_SessionSecurityDiagnosticsDataType_DataTypeVersion,8859,Variable
OpcUa_XmlSchema_SessionSecurityDiagnosticsDataType_DictionaryFragment,8860,Variable
OpcUa_XmlSchema_ServiceCounterDataType,8861,Variable
OpcUa_XmlSchema_ServiceCounterDataType_DataTypeVersion,8862,Variable
OpcUa_XmlSchema_ServiceCounterDataType_DictionaryFragment,8863,Variable
OpcUa_XmlSchema_SubscriptionDiagnosticsDataType,8864,Variable
OpcUa_XmlSchema_SubscriptionDiagnosticsDataType_DataTypeVersion,8865,Variable
OpcUa_XmlSchema_SubscriptionDiagnosticsDataType_DictionaryFragment,8866,Variable
OpcUa_XmlSchema_ModelChangeStructureDataType,8867,Variable
OpcUa_XmlSchema_ModelChangeStructureDataType_DataTypeVersion,8868,Variable
OpcUa_XmlSchema_ModelChangeStructureDataType_DictionaryFragment,8869,Variable
OpcUa_XmlSchema_SemanticChangeStructureDataType,8870,Variable
OpcUa_XmlSchema_SemanticChangeStructureDataType_DataTypeVersion,8871,Variable
OpcUa_XmlSchema_SemanticChangeStructureDataType_DictionaryFragment,8872,Variable
OpcUa_XmlSchema_Range,8873,Variable
OpcUa_XmlSchema_Range_DataTypeVersion,8874,Variable
OpcUa_XmlSchema_Range_DictionaryFragment,8875,Variable
OpcUa_XmlSchema_EUInformation,8876,Variable
OpcUa_XmlSchema_EUInformation_DataTypeVersion,8877,Variable
OpcUa_XmlSchema_EUInformation_DictionaryFragment,8878,Variable
OpcUa_XmlSchema_Annotation,8879,Variable
OpcUa_XmlSchema_Annotation_DataTypeVersion,8880,Variable
OpcUa_XmlSchema_Annotation_DictionaryFragment,8881,Variable
OpcUa_XmlSchema_ProgramDiagnosticDataType,8882,Variable
OpcUa_XmlSchema_ProgramDiagnosticDataType_DataTypeVersion,8883,Variable
OpcUa_XmlSchema_ProgramDiagnosticDataType_DictionaryFragment,8884,Variable
SubscriptionDiagnosticsType_MaxLifetimeCount,8888,Variable
SubscriptionDiagnosticsType_LatePublishRequestCount,8889,Variable
SubscriptionDiagnosticsType_CurrentKeepAliveCount,8890,Variable
SubscriptionDiagnosticsType_CurrentLifetimeCount,8891,Variable
SubscriptionDiagnosticsType_UnacknowledgedMessageCount,8892,Variable
SubscriptionDiagnosticsType_DiscardedMessageCount,8893,Variable
SubscriptionDiagnosticsType_MonitoredItemCount,8894,Variable
SubscriptionDiagnosticsType_DisabledMonitoredItemCount,8895,Variable
SubscriptionDiagnosticsType_MonitoringQueueOverflowCount,8896,Variable
SubscriptionDiagnosticsType_NextSequenceNumber,8897,Variable
SessionDiagnosticsObjectType_SessionDiagnostics_TotalRequestCount,8898,Variable
SessionDiagnosticsVariableType_TotalRequestCount,8900,Variable
SubscriptionDiagnosticsType_EventQueueOverFlowCount,8902,Variable
TimeZoneDataType,8912,DataType
TimeZoneDataType_Encoding_DefaultXml,8913,Object
OpcUa_BinarySchema_TimeZoneDataType,8914,Variable
OpcUa_BinarySchema_TimeZoneDataType_DataTypeVersion,8915,Variable
OpcUa_BinarySchema_TimeZoneDataType_DictionaryFragment,8916,Variable
TimeZoneDataType_Encoding_DefaultBinary,8917,Object
OpcUa_XmlSchema_TimeZoneDataType,8918,Variable
OpcUa_XmlSchema_TimeZoneDataType_DataTypeVersion,8919,Variable
OpcUa_XmlSchema_TimeZoneDataType_DictionaryFragment,8920,Variable
LockType,8921,ObjectType
LockType_Lock,8922,Method
LockType_Unlock,8923,Method
ServerLock,8924,Object
ServerLock_Lock,8925,Method
ServerLock_Unlock,8926,Method
AuditConditionRespondEventType,8927,ObjectType
AuditConditionRespondEventType_EventId,8928,Variable
AuditConditionRespondEventType_EventType,8929,Variable
AuditConditionRespondEventType_SourceNode,8930,Variable
AuditConditionRespondEventType_SourceName,8931,Variable
AuditConditionRespondEventType_Time,8932,Variable
AuditConditionRespondEventType_ReceiveTime,8933,Variable
AuditConditionRespondEventType_LocalTime,8934,Variable
AuditConditionRespondEventType_Message,8935,Variable
AuditConditionRespondEventType_Severity,8936,Variable
AuditConditionRespondEventType_ActionTimeStamp,8937,Variable
AuditConditionRespondEventType_Status,8938,Variable
AuditConditionRespondEventType_ServerId,8939,Variable
AuditConditionRespondEventType_ClientAuditEntryId,8940,Variable
AuditConditionRespondEventType_ClientUserId,8941,Variable
AuditConditionRespondEventType_MethodId,8942,Variable
AuditConditionRespondEventType_InputArguments,8943,Variable
AuditConditionAcknowledgeEventType,8944,ObjectType
AuditConditionAcknowledgeEventType_EventId,8945,Variable
AuditConditionAcknowledgeEventType_EventType,8946,Variable
AuditConditionAcknowledgeEventType_SourceNode,8947,Variable
AuditConditionAcknowledgeEventType_SourceName,8948,Variable
AuditConditionAcknowledgeEventType_Time,8949,Variable
AuditConditionAcknowledgeEventType_ReceiveTime,8950,Variable
AuditConditionAcknowledgeEventType_LocalTime,8951,Variable
AuditConditionAcknowledgeEventType_Message,8952,Variable
AuditConditionAcknowledgeEventType_Severity,8953,Variable
AuditConditionAcknowledgeEventType_ActionTimeStamp,8954,Variable
AuditConditionAcknowledgeEventType_Status,8955,Variable
AuditConditionAcknowledgeEventType_ServerId,8956,Variable
AuditConditionAcknowledgeEventType_ClientAuditEntryId,8957,Variable
AuditConditionAcknowledgeEventType_ClientUserId,8958,Variable
AuditConditionAcknowledgeEventType_MethodId,8959,Variable
AuditConditionAcknowledgeEventType_InputArguments,8960,Variable
AuditConditionConfirmEventType,8961,ObjectType
AuditConditionConfirmEventType_EventId,8962,Variable
AuditConditionConfirmEventType_EventType,8963,Variable
AuditConditionConfirmEventType_SourceNode,8964,Variable
AuditConditionConfirmEventType_SourceName,8965,Variable
AuditConditionConfirmEventType_Time,8966,Variable
AuditConditionConfirmEventType_ReceiveTime,8967,Variable
AuditConditionConfirmEventType_LocalTime,8968,Variable
AuditConditionConfirmEventType_Message,8969,Variable
AuditConditionConfirmEventType_Severity,8970,Variable
AuditConditionConfirmEventType_ActionTimeStamp,8971,Variable
AuditConditionConfirmEventType_Status,8972,Variable
AuditConditionConfirmEventType_ServerId,8973,Variable
AuditConditionConfirmEventType_ClientAuditEntryId,8974,Variable
AuditConditionConfirmEventType_ClientUserId,8975,Variable
AuditConditionConfirmEventType_MethodId,8976,Variable
AuditConditionConfirmEventType_InputArguments,8977,Variable
TwoStateVariableType,8995,VariableType
TwoStateVariableType_Id,8996,Variable
TwoStateVariableType_Name,8997,Variable
TwoStateVariableType_Number,8998,Variable
TwoStateVariableType_EffectiveDisplayName,8999,Variable
TwoStateVariableType_TransitionTime,9000,Variable
TwoStateVariableType_EffectiveTransitionTime,9001,Variable
ConditionVariableType,9002,VariableType
ConditionVariableType_SourceTimestamp,9003,Variable
HasTrueSubState,9004,ReferenceType
HasFalseSubState,9005,ReferenceType
HasCondition,9006,ReferenceType
ConditionRefreshMethodType,9007,Method
ConditionRefreshMethodType_InputArguments,9008,Variable
ConditionType_ConditionName,9009,Variable
ConditionType_BranchId,9010,Variable
ConditionType_EnabledState,9011,Variable
ConditionType_EnabledState_Id,9012,Variable
ConditionType_EnabledState_Name,9013,Variable
ConditionType_EnabledState_Number,9014,Variable
ConditionType_EnabledState_EffectiveDisplayName,9015,Variable
ConditionType_EnabledState_TransitionTime,9016,Variable
ConditionType_EnabledState_EffectiveTransitionTime,9017,Variable
ConditionType_EnabledState_TrueState,9018,Variable
ConditionType_EnabledState_FalseState,9019,Variable
ConditionType_Quality,9020,Variable
ConditionType_Quality_SourceTimestamp,9021,Variable
ConditionType_LastSeverity,9022,Variable
ConditionType_LastSeverity_SourceTimestamp,9023,Variable
ConditionType_Comment,9024,Variable
ConditionType_Comment_SourceTimestamp,9025,Variable
ConditionType_ClientUserId,9026,Variable
ConditionType_Enable,9027,Method
ConditionType_Disable,9028,Method
ConditionType_AddComment,9029,Method
ConditionType_AddComment_InputArguments,9030,Variable
DialogResponseMethodType,9031,Method
DialogResponseMethodType_InputArguments,9032,Variable
DialogConditionType_ConditionName,9033,Variable
DialogConditionType_BranchId,9034,Variable
DialogConditionType_EnabledState,9035,Variable
DialogConditionType_EnabledState_Id,9036,Variable
DialogConditionType_EnabledState_Name,9037,Variable
DialogConditionType_EnabledState_Number,9038,Variable
DialogConditionType_EnabledState_EffectiveDisplayName,9039,Variable
DialogConditionType_EnabledState_TransitionTime,9040,Variable
DialogConditionType_EnabledState_EffectiveTransitionTime,9041,Variable
DialogConditionType_EnabledState_TrueState,9042,Variable
DialogConditionType_EnabledState_FalseState,9043,Variable
DialogConditionType_Quality,9044,Variable
DialogConditionType_Quality_SourceTimestamp,9045,Variable
DialogConditionType_LastSeverity,9046,Variable
DialogConditionType_LastSeverity_SourceTimestamp,9047,Variable
DialogConditionType_Comment,9048,Variable
DialogConditionType_Comment_SourceTimestamp,9049,Variable
DialogConditionType_ClientUserId,9050,Variable
DialogConditionType_Enable,9051,Method
DialogConditionType_Disable,9052,Method
DialogConditionType_AddComment,9053,Method
DialogConditionType_AddComment_InputArguments,9054,Variable
DialogConditionType_DialogState,9055,Variable
DialogConditionType_DialogState_Id,9056,Variable
DialogConditionType_DialogState_Name,9057,Variable
DialogConditionType_DialogState_Number,9058,Variable
DialogConditionType_DialogState_EffectiveDisplayName,9059,Variable
DialogConditionType_DialogState_TransitionTime,9060,Variable
DialogConditionType_DialogState_EffectiveTransitionTime,9061,Variable
DialogConditionType_DialogState_TrueState,9062,Variable
DialogConditionType_DialogState_FalseState,9063,Variable
DialogConditionType_ResponseOptionSet,9064,Variable
DialogConditionType_DefaultResponse,9065,Variable
DialogConditionType_OkResponse,9066,Variable
DialogConditionType_CancelResponse,9067,Variable
DialogConditionType_LastResponse,9068,Variable
DialogConditionType_Respond,9069,Method
DialogConditionType_Respond_InputArguments,9070,Variable
AcknowledgeableConditionType_ConditionName,9071,Variable
AcknowledgeableConditionType_BranchId,9072,Variable
AcknowledgeableConditionType_EnabledState,9073,Variable
AcknowledgeableConditionType_EnabledState_Id,9074,Variable
AcknowledgeableConditionType_EnabledState_Name,9075,Variable
AcknowledgeableConditionType_EnabledState_Number,9076,Variable
AcknowledgeableConditionType_EnabledState_EffectiveDisplayName,9077,Variable
AcknowledgeableConditionType_EnabledState_TransitionTime,9078,Variable
AcknowledgeableConditionType_EnabledState_EffectiveTransitionTime,9079,Variable
AcknowledgeableConditionType_EnabledState_TrueState,9080,Variable
AcknowledgeableConditionType_EnabledState_FalseState,9081,Variable
AcknowledgeableConditionType_Quality,9082,Variable
AcknowledgeableConditionType_Quality_SourceTimestamp,9083,Variable
AcknowledgeableConditionType_LastSeverity,9084,Variable
AcknowledgeableConditionType_LastSeverity_SourceTimestamp,9085,Variable
AcknowledgeableConditionType_Comment,9086,Variable
AcknowledgeableConditionType_Comment_SourceTimestamp,9087,Variable
AcknowledgeableConditionType_ClientUserId,9088,Variable
AcknowledgeableConditionType_Enable,9089,Method
AcknowledgeableConditionType_Disable,9090,Method
AcknowledgeableConditionType_AddComment,9091,Method
AcknowledgeableConditionType_AddComment_InputArguments,9092,Variable
AcknowledgeableConditionType_AckedState,9093,Variable
AcknowledgeableConditionType_AckedState_Id,9094,Variable
AcknowledgeableConditionType_AckedState_Name,9095,Variable
AcknowledgeableConditionType_AckedState_Number,9096,Variable
AcknowledgeableConditionType_AckedState_EffectiveDisplayName,9097,Variable
AcknowledgeableConditionType_AckedState_TransitionTime,9098,Variable
AcknowledgeableConditionType_AckedState_EffectiveTransitionTime,9099,Variable
AcknowledgeableConditionType_AckedState_TrueState,9100,Variable
AcknowledgeableConditionType_AckedState_FalseState,9101,Variable
AcknowledgeableConditionType_ConfirmedState,9102,Variable
AcknowledgeableConditionType_ConfirmedState_Id,9103,Variable
AcknowledgeableConditionType_ConfirmedState_Name,9104,Variable
AcknowledgeableConditionType_ConfirmedState_Number,9105,Variable
AcknowledgeableConditionType_ConfirmedState_EffectiveDisplayName,9106,Variable
AcknowledgeableConditionType_ConfirmedState_TransitionTime,9107,Variable
AcknowledgeableConditionType_ConfirmedState_EffectiveTransitionTime,9108,Variable
AcknowledgeableConditionType_ConfirmedState_TrueState,9109,Variable
AcknowledgeableConditionType_ConfirmedState_FalseState,9110,Variable
AcknowledgeableConditionType_Acknowledge,9111,Method
AcknowledgeableConditionType_Acknowledge_InputArguments,9112,Variable
AcknowledgeableConditionType_Confirm,9113,Method
AcknowledgeableConditionType_Confirm_InputArguments,9114,Variable
ShelvedStateMachineType_UnshelveTime,9115,Variable
AlarmConditionType_ConditionName,9116,Variable
AlarmConditionType_BranchId,9117,Variable
AlarmConditionType_EnabledState,9118,Variable
AlarmConditionType_EnabledState_Id,9119,Variable
AlarmConditionType_EnabledState_Name,9120,Variable
AlarmConditionType_EnabledState_Number,9121,Variable
AlarmConditionType_EnabledState_EffectiveDisplayName,9122,Variable
AlarmConditionType_EnabledState_TransitionTime,9123,Variable
AlarmConditionType_EnabledState_EffectiveTransitionTime,9124,Variable
AlarmConditionType_EnabledState_TrueState,9125,Variable
AlarmConditionType_EnabledState_FalseState,9126,Variable
AlarmConditionType_Quality,9127,Variable
AlarmConditionType_Quality_SourceTimestamp,9128,Variable
AlarmConditionType_LastSeverity,9129,Variable
AlarmConditionType_LastSeverity_SourceTimestamp,9130,Variable
AlarmConditionType_Comment,9131,Variable
AlarmConditionType_Comment_SourceTimestamp,9132,Variable
AlarmConditionType_ClientUserId,9133,Variable
AlarmConditionType_Enable,9134,Method
AlarmConditionType_Disable,9135,Method
AlarmConditionType_AddComment,9136,Method
AlarmConditionType_AddComment_InputArguments,9137,Variable
AlarmConditionType_AckedState,9138,Variable
AlarmConditionType_AckedState_Id,9139,Variable
AlarmConditionType_AckedState_Name,9140,Variable
AlarmConditionType_AckedState_Number,9141,Variable
AlarmConditionType_AckedState_EffectiveDisplayName,9142,Variable
AlarmConditionType_AckedState_TransitionTime,9143,Variable
AlarmConditionType_AckedState_EffectiveTransitionTime,9144,Variable
AlarmConditionType_AckedState_TrueState,9145,Variable
AlarmConditionType_AckedState_FalseState,9146,Variable
AlarmConditionType_ConfirmedState,9147,Variable
AlarmConditionType_ConfirmedState_Id,9148,Variable
AlarmConditionType_ConfirmedState_Name,9149,Variable
AlarmConditionType_ConfirmedState_Number,9150,Variable
AlarmConditionType_ConfirmedState_EffectiveDisplayName,9151,Variable
AlarmConditionType_ConfirmedState_TransitionTime,9152,Variable
AlarmConditionType_ConfirmedState_EffectiveTransitionTime,9153,Variable
AlarmConditionType_ConfirmedState_TrueState,9154,Variable
AlarmConditionType_ConfirmedState_FalseState,9155,Variable
AlarmConditionType_Acknowledge,9156,Method
AlarmConditionType_Acknowledge_InputArguments,9157,Variable
AlarmConditionType_Confirm,9158,Method
AlarmConditionType_Confirm_InputArguments,9159,Variable
AlarmConditionType_ActiveState,9160,Variable
AlarmConditionType_ActiveState_Id,9161,Variable
AlarmConditionType_ActiveState_Name,9162,Variable
AlarmConditionType_ActiveState_Number,9163,Variable
AlarmConditionType_ActiveState_EffectiveDisplayName,9164,Variable
AlarmConditionType_ActiveState_TransitionTime,9165,Variable
AlarmConditionType_ActiveState_EffectiveTransitionTime,9166,Variable
AlarmConditionType_ActiveState_TrueState,9167,Variable
AlarmConditionType_ActiveState_FalseState,9168,Variable
AlarmConditionType_SuppressedState,9169,Variable
AlarmConditionType_SuppressedState_Id,9170,Variable
AlarmConditionType_SuppressedState_Name,9171,Variable
AlarmConditionType_SuppressedState_Number,9172,Variable
AlarmConditionType_SuppressedState_EffectiveDisplayName,9173,Variable
AlarmConditionType_SuppressedState_TransitionTime,9174,Variable
AlarmConditionType_SuppressedState_EffectiveTransitionTime,9175,Variable
AlarmConditionType_SuppressedState_TrueState,9176,Variable
AlarmConditionType_SuppressedState_FalseState,9177,Variable
AlarmConditionType_ShelvingState,9178,Object
AlarmConditionType_ShelvingState_CurrentState,9179,Variable
AlarmConditionType_ShelvingState_CurrentState_Id,9180,Variable
AlarmConditionType_ShelvingState_CurrentState_Name,9181,Variable
AlarmConditionType_ShelvingState_CurrentState_Number,9182,Variable
AlarmConditionType_ShelvingState_CurrentState_EffectiveDisplayName,9183,Variable
AlarmConditionType_ShelvingState_LastTransition,9184,Variable
AlarmConditionType_ShelvingState_LastTransition_Id,9185,Variable
AlarmConditionType_ShelvingState_LastTransition_Name,9186,Variable
AlarmConditionType_ShelvingState_LastTransition_Number,9187,Variable
AlarmConditionType_ShelvingState_LastTransition_TransitionTime,9188,Variable
AlarmConditionType_ShelvingState_UnshelveTime,9189,Variable
AlarmConditionType_ShelvingState_Unshelve,9211,Method
AlarmConditionType_ShelvingState_OneShotShelve,9212,Method
AlarmConditionType_ShelvingState_TimedShelve,9213,Method
AlarmConditionType_ShelvingState_TimedShelve_InputArguments,9214,Variable
AlarmConditionType_SuppressedOrShelved,9215,Variable
AlarmConditionType_MaxTimeShelved,9216,Variable
LimitAlarmType_ConditionName,9217,Variable
LimitAlarmType_BranchId,9218,Variable
LimitAlarmType_EnabledState,9219,Variable
LimitAlarmType_EnabledState_Id,9220,Variable
LimitAlarmType_EnabledState_Name,9221,Variable
LimitAlarmType_EnabledState_Number,9222,Variable
LimitAlarmType_EnabledState_EffectiveDisplayName,9223,Variable
LimitAlarmType_EnabledState_TransitionTime,9224,Variable
LimitAlarmType_EnabledState_EffectiveTransitionTime,9225,Variable
LimitAlarmType_EnabledState_TrueState,9226,Variable
LimitAlarmType_EnabledState_FalseState,9227,Variable
LimitAlarmType_Quality,9228,Variable
LimitAlarmType_Quality_SourceTimestamp,9229,Variable
LimitAlarmType_LastSeverity,9230,Variable
LimitAlarmType_LastSeverity_SourceTimestamp,9231,Variable
LimitAlarmType_Comment,9232,Variable
LimitAlarmType_Comment_SourceTimestamp,9233,Variable
LimitAlarmType_ClientUserId,9234,Variable
LimitAlarmType_Enable,9235,Method
LimitAlarmType_Disable,9236,Method
LimitAlarmType_AddComment,9237,Method
LimitAlarmType_AddComment_InputArguments,9238,Variable
LimitAlarmType_AckedState,9239,Variable
LimitAlarmType_AckedState_Id,9240,Variable
LimitAlarmType_AckedState_Name,9241,Variable
LimitAlarmType_AckedState_Number,9242,Variable
LimitAlarmType_AckedState_EffectiveDisplayName,9243,Variable
LimitAlarmType_AckedState_TransitionTime,9244,Variable
LimitAlarmType_AckedState_EffectiveTransitionTime,9245,Variable
LimitAlarmType_AckedState_TrueState,9246,Variable
LimitAlarmType_AckedState_FalseState,9247,Variable
LimitAlarmType_ConfirmedState,9248,Variable
LimitAlarmType_ConfirmedState_Id,9249,Variable
LimitAlarmType_ConfirmedState_Name,9250,Variable
LimitAlarmType_ConfirmedState_Number,9251,Variable
LimitAlarmType_ConfirmedState_EffectiveDisplayName,9252,Variable
LimitAlarmType_ConfirmedState_TransitionTime,9253,Variable
LimitAlarmType_ConfirmedState_EffectiveTransitionTime,9254,Variable
LimitAlarmType_ConfirmedState_TrueState,9255,Variable
LimitAlarmType_ConfirmedState_FalseState,9256,Variable
LimitAlarmType_Acknowledge,9257,Method
LimitAlarmType_Acknowledge_InputArguments,9258,Variable
LimitAlarmType_Confirm,9259,Method
LimitAlarmType_Confirm_InputArguments,9260,Variable
LimitAlarmType_ActiveState,9261,Variable
LimitAlarmType_ActiveState_Id,9262,Variable
LimitAlarmType_ActiveState_Name,9263,Variable
LimitAlarmType_ActiveState_Number,9264,Variable
LimitAlarmType_ActiveState_EffectiveDisplayName,9265,Variable
LimitAlarmType_ActiveState_TransitionTime,9266,Variable
LimitAlarmType_ActiveState_EffectiveTransitionTime,9267,Variable
LimitAlarmType_ActiveState_TrueState,9268,Variable
LimitAlarmType_ActiveState_FalseState,9269,Variable
LimitAlarmType_SuppressedState,9270,Variable
LimitAlarmType_SuppressedState_Id,9271,Variable
LimitAlarmType_SuppressedState_Name,9272,Variable
LimitAlarmType_SuppressedState_Number,9273,Variable
LimitAlarmType_SuppressedState_EffectiveDisplayName,9274,Variable
LimitAlarmType_SuppressedState_TransitionTime,9275,Variable
LimitAlarmType_SuppressedState_EffectiveTransitionTime,9276,Variable
LimitAlarmType_SuppressedState_TrueState,9277,Variable
LimitAlarmType_SuppressedState_FalseState,9278,Variable
LimitAlarmType_ShelvingState,9279,Object
LimitAlarmType_ShelvingState_CurrentState,9280,Variable
LimitAlarmType_ShelvingState_CurrentState_Id,9281,Variable
LimitAlarmType_ShelvingState_CurrentState_Name,9282,Variable
LimitAlarmType_ShelvingState_CurrentState_Number,9283,Variable
LimitAlarmType_ShelvingState_CurrentState_EffectiveDisplayName,9284,Variable
LimitAlarmType_ShelvingState_LastTransition,9285,Variable
LimitAlarmType_ShelvingState_LastTransition_Id,9286,Variable
LimitAlarmType_ShelvingState_LastTransition_Name,9287,Variable
LimitAlarmType_ShelvingState_LastTransition_Number,9288,Variable
LimitAlarmType_ShelvingState_LastTransition_TransitionTime,9289,Variable
LimitAlarmType_ShelvingState_UnshelveTime,9290,Variable
LimitAlarmType_ShelvingState_Unshelve,9312,Method
LimitAlarmType_ShelvingState_OneShotShelve,9313,Method
LimitAlarmType_ShelvingState_TimedShelve,9314,Method
LimitAlarmType_ShelvingState_TimedShelve_InputArguments,9315,Variable
LimitAlarmType_SuppressedOrShelved,9316,Variable
LimitAlarmType_MaxTimeShelved,9317,Variable
ExclusiveLimitStateMachineType,9318,ObjectType
ExclusiveLimitStateMachineType_CurrentState,9319,Variable
ExclusiveLimitStateMachineType_CurrentState_Id,9320,Variable
ExclusiveLimitStateMachineType_CurrentState_Name,9321,Variable
ExclusiveLimitStateMachineType_CurrentState_Number,9322,Variable
ExclusiveLimitStateMachineType_CurrentState_EffectiveDisplayName,9323,Variable
ExclusiveLimitStateMachineType_LastTransition,9324,Variable
ExclusiveLimitStateMachineType_LastTransition_Id,9325,Variable
ExclusiveLimitStateMachineType_LastTransition_Name,9326,Variable
ExclusiveLimitStateMachineType_LastTransition_Number,9327,Variable
ExclusiveLimitStateMachineType_LastTransition_TransitionTime,9328,Variable
ExclusiveLimitStateMachineType_HighHigh,9329,Object
ExclusiveLimitStateMachineType_HighHigh_StateNumber,9330,Variable
ExclusiveLimitStateMachineType_High,9331,Object
ExclusiveLimitStateMachineType_High_StateNumber,9332,Variable
ExclusiveLimitStateMachineType_Low,9333,Object
ExclusiveLimitStateMachineType_Low_StateNumber,9334,Variable
ExclusiveLimitStateMachineType_LowLow,9335,Object
ExclusiveLimitStateMachineType_LowLow_StateNumber,9336,Variable
ExclusiveLimitStateMachineType_LowLowToLow,9337,Object
ExclusiveLimitStateMachineType_LowToLowLow,9338,Object
ExclusiveLimitStateMachineType_HighHighToHigh,9339,Object
ExclusiveLimitStateMachineType_HighToHighHigh,9340,Object
ExclusiveLimitAlarmType,9341,ObjectType
ExclusiveLimitAlarmType_EventId,9342,Variable
ExclusiveLimitAlarmType_EventType,9343,Variable
ExclusiveLimitAlarmType_SourceNode,9344,Variable
ExclusiveLimitAlarmType_SourceName,9345,Variable
ExclusiveLimitAlarmType_Time,9346,Variable
ExclusiveLimitAlarmType_ReceiveTime,9347,Variable
ExclusiveLimitAlarmType_LocalTime,9348,Variable
ExclusiveLimitAlarmType_Message,9349,Variable
ExclusiveLimitAlarmType_Severity,9350,Variable
ExclusiveLimitAlarmType_ConditionName,9351,Variable
ExclusiveLimitAlarmType_BranchId,9352,Variable
ExclusiveLimitAlarmType_Retain,9353,Variable
ExclusiveLimitAlarmType_EnabledState,9354,Variable
ExclusiveLimitAlarmType_EnabledState_Id,9355,Variable
ExclusiveLimitAlarmType_EnabledState_Name,9356,Variable
ExclusiveLimitAlarmType_EnabledState_Number,9357,Variable
ExclusiveLimitAlarmType_EnabledState_EffectiveDisplayName,9358,Variable
ExclusiveLimitAlarmType_EnabledState_TransitionTime,9359,Variable
ExclusiveLimitAlarmType_EnabledState_EffectiveTransitionTime,9360,Variable
ExclusiveLimitAlarmType_EnabledState_TrueState,9361,Variable
ExclusiveLimitAlarmType_EnabledState_FalseState,9362,Variable
ExclusiveLimitAlarmType_Quality,9363,Variable
ExclusiveLimitAlarmType_Quality_SourceTimestamp,9364,Variable
ExclusiveLimitAlarmType_LastSeverity,9365,Variable
ExclusiveLimitAlarmType_LastSeverity_SourceTimestamp,9366,Variable
ExclusiveLimitAlarmType_Comment,9367,Variable
ExclusiveLimitAlarmType_Comment_SourceTimestamp,9368,Variable
ExclusiveLimitAlarmType_ClientUserId,9369,Variable
ExclusiveLimitAlarmType_Enable,9370,Method
ExclusiveLimitAlarmType_Disable,9371,Method
ExclusiveLimitAlarmType_AddComment,9372,Method
ExclusiveLimitAlarmType_AddComment_InputArguments,9373,Variable
ExclusiveLimitAlarmType_ConditionRefresh,9374,Method
ExclusiveLimitAlarmType_ConditionRefresh_InputArguments,9375,Variable
ExclusiveLimitAlarmType_AckedState,9376,Variable
ExclusiveLimitAlarmType_AckedState_Id,9377,Variable
ExclusiveLimitAlarmType_AckedState_Name,9378,Variable
ExclusiveLimitAlarmType_AckedState_Number,9379,Variable
ExclusiveLimitAlarmType_AckedState_EffectiveDisplayName,9380,Variable
ExclusiveLimitAlarmType_AckedState_TransitionTime,9381,Variable
ExclusiveLimitAlarmType_AckedState_EffectiveTransitionTime,9382,Variable
ExclusiveLimitAlarmType_AckedState_TrueState,9383,Variable
ExclusiveLimitAlarmType_AckedState_FalseState,9384,Variable
ExclusiveLimitAlarmType_ConfirmedState,9385,Variable
ExclusiveLimitAlarmType_ConfirmedState_Id,9386,Variable
ExclusiveLimitAlarmType_ConfirmedState_Name,9387,Variable
ExclusiveLimitAlarmType_ConfirmedState_Number,9388,Variable
ExclusiveLimitAlarmType_ConfirmedState_EffectiveDisplayName,9389,Variable
ExclusiveLimitAlarmType_ConfirmedState_TransitionTime,9390,Variable
ExclusiveLimitAlarmType_ConfirmedState_EffectiveTransitionTime,9391,Variable
ExclusiveLimitAlarmType_ConfirmedState_TrueState,9392,Variable
ExclusiveLimitAlarmType_ConfirmedState_FalseState,9393,Variable
ExclusiveLimitAlarmType_Acknowledge,9394,Method
ExclusiveLimitAlarmType_Acknowledge_InputArguments,9395,Variable
ExclusiveLimitAlarmType_Confirm,9396,Method
ExclusiveLimitAlarmType_Confirm_InputArguments,9397,Variable
ExclusiveLimitAlarmType_ActiveState,9398,Variable
ExclusiveLimitAlarmType_ActiveState_Id,9399,Variable
ExclusiveLimitAlarmType_ActiveState_Name,9400,Variable
ExclusiveLimitAlarmType_ActiveState_Number,9401,Variable
ExclusiveLimitAlarmType_ActiveState_EffectiveDisplayName,9402,Variable
ExclusiveLimitAlarmType_ActiveState_TransitionTime,9403,Variable
ExclusiveLimitAlarmType_ActiveState_EffectiveTransitionTime,9404,Variable
ExclusiveLimitAlarmType_ActiveState_TrueState,9405,Variable
ExclusiveLimitAlarmType_ActiveState_FalseState,9406,Variable
ExclusiveLimitAlarmType_SuppressedState,9407,Variable
ExclusiveLimitAlarmType_SuppressedState_Id,9408,Variable
ExclusiveLimitAlarmType_SuppressedState_Name,9409,Variable
ExclusiveLimitAlarmType_SuppressedState_Number,9410,Variable
ExclusiveLimitAlarmType_SuppressedState_EffectiveDisplayName,9411,Variable
ExclusiveLimitAlarmType_SuppressedState_TransitionTime,9412,Variable
ExclusiveLimitAlarmType_SuppressedState_EffectiveTransitionTime,9413,Variable
ExclusiveLimitAlarmType_SuppressedState_TrueState,9414,Variable
ExclusiveLimitAlarmType_SuppressedState_FalseState,9415,Variable
ExclusiveLimitAlarmType_ShelvingState,9416,Object
ExclusiveLimitAlarmType_ShelvingState_CurrentState,9417,Variable
ExclusiveLimitAlarmType_ShelvingState_CurrentState_Id,9418,Variable
ExclusiveLimitAlarmType_ShelvingState_CurrentState_Name,9419,Variable
ExclusiveLimitAlarmType_ShelvingState_CurrentState_Number,9420,Variable
ExclusiveLimitAlarmType_ShelvingState_CurrentState_EffectiveDisplayName,9421,Variable
ExclusiveLimitAlarmType_ShelvingState_LastTransition,9422,Variable
ExclusiveLimitAlarmType_ShelvingState_LastTransition_Id,9423,Variable
ExclusiveLimitAlarmType_ShelvingState_LastTransition_Name,9424,Variable
ExclusiveLimitAlarmType_ShelvingState_LastTransition_Number,9425,Variable
ExclusiveLimitAlarmType_ShelvingState_LastTransition_TransitionTime,9426,Variable
ExclusiveLimitAlarmType_ShelvingState_UnshelveTime,9427,Variable
ExclusiveLimitAlarmType_ShelvingState_Unshelve,9449,Method
ExclusiveLimitAlarmType_ShelvingState_OneShotShelve,9450,Method
ExclusiveLimitAlarmType_ShelvingState_TimedShelve,9451,Method
ExclusiveLimitAlarmType_ShelvingState_TimedShelve_InputArguments,9452,Variable
ExclusiveLimitAlarmType_SuppressedOrShelved,9453,Variable
ExclusiveLimitAlarmType_MaxTimeShelved,9454,Variable
ExclusiveLimitAlarmType_LimitState,9455,Object
ExclusiveLimitAlarmType_LimitState_CurrentState,9456,Variable
ExclusiveLimitAlarmType_LimitState_CurrentState_Id,9457,Variable
ExclusiveLimitAlarmType_LimitState_CurrentState_Name,9458,Variable
ExclusiveLimitAlarmType_LimitState_CurrentState_Number,9459,Variable
ExclusiveLimitAlarmType_LimitState_CurrentState_EffectiveDisplayName,9460,Variable
ExclusiveLimitAlarmType_LimitState_LastTransition,9461,Variable
ExclusiveLimitAlarmType_LimitState_LastTransition_Id,9462,Variable
ExclusiveLimitAlarmType_LimitState_LastTransition_Name,9463,Variable
ExclusiveLimitAlarmType_LimitState_LastTransition_Number,9464,Variable
ExclusiveLimitAlarmType_LimitState_LastTransition_TransitionTime,9465,Variable
ExclusiveLimitAlarmType_HighHighLimit,9478,Variable
ExclusiveLimitAlarmType_HighLimit,9479,Variable
ExclusiveLimitAlarmType_LowLimit,9480,Variable
ExclusiveLimitAlarmType_LowLowLimit,9481,Variable
ExclusiveLevelAlarmType,9482,ObjectType
ExclusiveLevelAlarmType_EventId,9483,Variable
ExclusiveLevelAlarmType_EventType,9484,Variable
ExclusiveLevelAlarmType_SourceNode,9485,Variable
ExclusiveLevelAlarmType_SourceName,9486,Variable
ExclusiveLevelAlarmType_Time,9487,Variable
ExclusiveLevelAlarmType_ReceiveTime,9488,Variable
ExclusiveLevelAlarmType_LocalTime,9489,Variable
ExclusiveLevelAlarmType_Message,9490,Variable
ExclusiveLevelAlarmType_Severity,9491,Variable
ExclusiveLevelAlarmType_ConditionName,9492,Variable
ExclusiveLevelAlarmType_BranchId,9493,Variable
ExclusiveLevelAlarmType_Retain,9494,Variable
ExclusiveLevelAlarmType_EnabledState,9495,Variable
ExclusiveLevelAlarmType_EnabledState_Id,9496,Variable
ExclusiveLevelAlarmType_EnabledState_Name,9497,Variable
ExclusiveLevelAlarmType_EnabledState_Number,9498,Variable
ExclusiveLevelAlarmType_EnabledState_EffectiveDisplayName,9499,Variable
ExclusiveLevelAlarmType_EnabledState_TransitionTime,9500,Variable
ExclusiveLevelAlarmType_EnabledState_EffectiveTransitionTime,9501,Variable
ExclusiveLevelAlarmType_EnabledState_TrueState,9502,Variable
ExclusiveLevelAlarmType_EnabledState_FalseState,9503,Variable
ExclusiveLevelAlarmType_Quality,9504,Variable
ExclusiveLevelAlarmType_Quality_SourceTimestamp,9505,Variable
ExclusiveLevelAlarmType_LastSeverity,9506,Variable
ExclusiveLevelAlarmType_LastSeverity_SourceTimestamp,9507,Variable
ExclusiveLevelAlarmType_Comment,9508,Variable
ExclusiveLevelAlarmType_Comment_SourceTimestamp,9509,Variable
ExclusiveLevelAlarmType_ClientUserId,9510,Variable
ExclusiveLevelAlarmType_Enable,9511,Method
ExclusiveLevelAlarmType_Disable,9512,Method
ExclusiveLevelAlarmType_AddComment,9513,Method
ExclusiveLevelAlarmType_AddComment_InputArguments,9514,Variable
ExclusiveLevelAlarmType_ConditionRefresh,9515,Method
ExclusiveLevelAlarmType_ConditionRefresh_InputArguments,9516,Variable
ExclusiveLevelAlarmType_AckedState,9517,Variable
ExclusiveLevelAlarmType_AckedState_Id,9518,Variable
ExclusiveLevelAlarmType_AckedState_Name,9519,Variable
ExclusiveLevelAlarmType_AckedState_Number,9520,Variable
ExclusiveLevelAlarmType_AckedState_EffectiveDisplayName,9521,Variable
ExclusiveLevelAlarmType_AckedState_TransitionTime,9522,Variable
ExclusiveLevelAlarmType_AckedState_EffectiveTransitionTime,9523,Variable
ExclusiveLevelAlarmType_AckedState_TrueState,9524,Variable
ExclusiveLevelAlarmType_AckedState_FalseState,9525,Variable
ExclusiveLevelAlarmType_ConfirmedState,9526,Variable
ExclusiveLevelAlarmType_ConfirmedState_Id,9527,Variable
ExclusiveLevelAlarmType_ConfirmedState_Name,9528,Variable
ExclusiveLevelAlarmType_ConfirmedState_Number,9529,Variable
ExclusiveLevelAlarmType_ConfirmedState_EffectiveDisplayName,9530,Variable
ExclusiveLevelAlarmType_ConfirmedState_TransitionTime,9531,Variable
ExclusiveLevelAlarmType_ConfirmedState_EffectiveTransitionTime,9532,Variable
ExclusiveLevelAlarmType_ConfirmedState_TrueState,9533,Variable
ExclusiveLevelAlarmType_ConfirmedState_FalseState,9534,Variable
ExclusiveLevelAlarmType_Acknowledge,9535,Method
ExclusiveLevelAlarmType_Acknowledge_InputArguments,9536,Variable
ExclusiveLevelAlarmType_Confirm,9537,Method
ExclusiveLevelAlarmType_Confirm_InputArguments,9538,Variable
ExclusiveLevelAlarmType_ActiveState,9539,Variable
ExclusiveLevelAlarmType_ActiveState_Id,9540,Variable
ExclusiveLevelAlarmType_ActiveState_Name,9541,Variable
ExclusiveLevelAlarmType_ActiveState_Number,9542,Variable
ExclusiveLevelAlarmType_ActiveState_EffectiveDisplayName,9543,Variable
ExclusiveLevelAlarmType_ActiveState_TransitionTime,9544,Variable
ExclusiveLevelAlarmType_ActiveState_EffectiveTransitionTime,9545,Variable
ExclusiveLevelAlarmType_ActiveState_TrueState,9546,Variable
ExclusiveLevelAlarmType_ActiveState_FalseState,9547,Variable
ExclusiveLevelAlarmType_SuppressedState,9548,Variable
ExclusiveLevelAlarmType_SuppressedState_Id,9549,Variable
ExclusiveLevelAlarmType_SuppressedState_Name,9550,Variable
ExclusiveLevelAlarmType_SuppressedState_Number,9551,Variable
ExclusiveLevelAlarmType_SuppressedState_EffectiveDisplayName,9552,Variable
ExclusiveLevelAlarmType_SuppressedState_TransitionTime,9553,Variable
ExclusiveLevelAlarmType_SuppressedState_EffectiveTransitionTime,9554,Variable
ExclusiveLevelAlarmType_SuppressedState_TrueState,9555,Variable
ExclusiveLevelAlarmType_SuppressedState_FalseState,9556,Variable
ExclusiveLevelAlarmType_ShelvingState,9557,Object
ExclusiveLevelAlarmType_ShelvingState_CurrentState,9558,Variable
ExclusiveLevelAlarmType_ShelvingState_CurrentState_Id,9559,Variable
ExclusiveLevelAlarmType_ShelvingState_CurrentState_Name,9560,Variable
ExclusiveLevelAlarmType_ShelvingState_CurrentState_Number,9561,Variable
ExclusiveLevelAlarmType_ShelvingState_CurrentState_EffectiveDisplayName,9562,Variable
ExclusiveLevelAlarmType_ShelvingState_LastTransition,9563,Variable
ExclusiveLevelAlarmType_ShelvingState_LastTransition_Id,9564,Variable
ExclusiveLevelAlarmType_ShelvingState_LastTransition_Name,9565,Variable
ExclusiveLevelAlarmType_ShelvingState_LastTransition_Number,9566,Variable
ExclusiveLevelAlarmType_ShelvingState_LastTransition_TransitionTime,9567,Variable
ExclusiveLevelAlarmType_ShelvingState_UnshelveTime,9568,Variable
ExclusiveLevelAlarmType_ShelvingState_Unshelve,9590,Method
ExclusiveLevelAlarmType_ShelvingState_OneShotShelve,9591,Method
ExclusiveLevelAlarmType_ShelvingState_TimedShelve,9592,Method
ExclusiveLevelAlarmType_ShelvingState_TimedShelve_InputArguments,9593,Variable
ExclusiveLevelAlarmType_SuppressedOrShelved,9594,Variable
ExclusiveLevelAlarmType_MaxTimeShelved,9595,Variable
ExclusiveLevelAlarmType_LimitState,9596,Object
ExclusiveLevelAlarmType_LimitState_CurrentState,9597,Variable
ExclusiveLevelAlarmType_LimitState_CurrentState_Id,9598,Variable
ExclusiveLevelAlarmType_LimitState_CurrentState_Name,9599,Variable
ExclusiveLevelAlarmType_LimitState_CurrentState_Number,9600,Variable
ExclusiveLevelAlarmType_LimitState_CurrentState_EffectiveDisplayName,9601,Variable
ExclusiveLevelAlarmType_LimitState_LastTransition,9602,Variable
ExclusiveLevelAlarmType_LimitState_LastTransition_Id,9603,Variable
ExclusiveLevelAlarmType_LimitState_LastTransition_Name,9604,Variable
ExclusiveLevelAlarmType_LimitState_LastTransition_Number,9605,Variable
ExclusiveLevelAlarmType_LimitState_LastTransition_TransitionTime,9606,Variable
ExclusiveLevelAlarmType_HighHighLimit,9619,Variable
ExclusiveLevelAlarmType_HighLimit,9620,Variable
ExclusiveLevelAlarmType_LowLimit,9621,Variable
ExclusiveLevelAlarmType_LowLowLimit,9622,Variable
ExclusiveRateOfChangeAlarmType,9623,ObjectType
ExclusiveRateOfChangeAlarmType_EventId,9624,Variable
ExclusiveRateOfChangeAlarmType_EventType,9625,Variable
ExclusiveRateOfChangeAlarmType_SourceNode,9626,Variable
ExclusiveRateOfChangeAlarmType_SourceName,9627,Variable
ExclusiveRateOfChangeAlarmType_Time,9628,Variable
ExclusiveRateOfChangeAlarmType_ReceiveTime,9629,Variable
ExclusiveRateOfChangeAlarmType_LocalTime,9630,Variable
ExclusiveRateOfChangeAlarmType_Message,9631,Variable
ExclusiveRateOfChangeAlarmType_Severity,9632,Variable
ExclusiveRateOfChangeAlarmType_ConditionName,9633,Variable
ExclusiveRateOfChangeAlarmType_BranchId,9634,Variable
ExclusiveRateOfChangeAlarmType_Retain,9635,Variable
ExclusiveRateOfChangeAlarmType_EnabledState,9636,Variable
ExclusiveRateOfChangeAlarmType_EnabledState_Id,9637,Variable
ExclusiveRateOfChangeAlarmType_EnabledState_Name,9638,Variable
ExclusiveRateOfChangeAlarmType_EnabledState_Number,9639,Variable
ExclusiveRateOfChangeAlarmType_EnabledState_EffectiveDisplayName,9640,Variable
ExclusiveRateOfChangeAlarmType_EnabledState_TransitionTime,9641,Variable
ExclusiveRateOfChangeAlarmType_EnabledState_EffectiveTransitionTime,9642,Variable
ExclusiveRateOfChangeAlarmType_EnabledState_TrueState,9643,Variable
ExclusiveRateOfChangeAlarmType_EnabledState_FalseState,9644,Variable
ExclusiveRateOfChangeAlarmType_Quality,9645,Variable
ExclusiveRateOfChangeAlarmType_Quality_SourceTimestamp,9646,Variable
ExclusiveRateOfChangeAlarmType_LastSeverity,9647,Variable
ExclusiveRateOfChangeAlarmType_LastSeverity_SourceTimestamp,9648,Variable
ExclusiveRateOfChangeAlarmType_Comment,9649,Variable
ExclusiveRateOfChangeAlarmType_Comment_SourceTimestamp,9650,Variable
ExclusiveRateOfChangeAlarmType_ClientUserId,9651,Variable
ExclusiveRateOfChangeAlarmType_Enable,9652,Method
ExclusiveRateOfChangeAlarmType_Disable,9653,Method
ExclusiveRateOfChangeAlarmType_AddComment,9654,Method
ExclusiveRateOfChangeAlarmType_AddComment_InputArguments,9655,Variable
ExclusiveRateOfChangeAlarmType_ConditionRefresh,9656,Method
ExclusiveRateOfChangeAlarmType_ConditionRefresh_InputArguments,9657,Variable
ExclusiveRateOfChangeAlarmType_AckedState,9658,Variable
ExclusiveRateOfChangeAlarmType_AckedState_Id,9659,Variable
ExclusiveRateOfChangeAlarmType_AckedState_Name,9660,Variable
ExclusiveRateOfChangeAlarmType_AckedState_Number,9661,Variable
ExclusiveRateOfChangeAlarmType_AckedState_EffectiveDisplayName,9662,Variable
ExclusiveRateOfChangeAlarmType_AckedState_TransitionTime,9663,Variable
ExclusiveRateOfChangeAlarmType_AckedState_EffectiveTransitionTime,9664,Variable
ExclusiveRateOfChangeAlarmType_AckedState_TrueState,9665,Variable
ExclusiveRateOfChangeAlarmType_AckedState_FalseState,9666,Variable
ExclusiveRateOfChangeAlarmType_ConfirmedState,9667,Variable
ExclusiveRateOfChangeAlarmType_ConfirmedState_Id,9668,Variable
ExclusiveRateOfChangeAlarmType_ConfirmedState_Name,9669,Variable
ExclusiveRateOfChangeAlarmType_ConfirmedState_Number,9670,Variable
ExclusiveRateOfChangeAlarmType_ConfirmedState_EffectiveDisplayName,9671,Variable
ExclusiveRateOfChangeAlarmType_ConfirmedState_TransitionTime,9672,Variable
ExclusiveRateOfChangeAlarmType_ConfirmedState_EffectiveTransitionTime,9673,Variable
ExclusiveRateOfChangeAlarmType_ConfirmedState_TrueState,9674,Variable
ExclusiveRateOfChangeAlarmType_ConfirmedState_FalseState,9675,Variable
ExclusiveRateOfChangeAlarmType_Acknowledge,9676,Method
ExclusiveRateOfChangeAlarmType_Acknowledge_InputArguments,9677,Variable
ExclusiveRateOfChangeAlarmType_Confirm,9678,Method
ExclusiveRateOfChangeAlarmType_Confirm_InputArguments,9679,Variable
ExclusiveRateOfChangeAlarmType_ActiveState,9680,Variable
ExclusiveRateOfChangeAlarmType_ActiveState_Id,9681,Variable
ExclusiveRateOfChangeAlarmType_ActiveState_Name,9682,Variable
ExclusiveRateOfChangeAlarmType_ActiveState_Number,9683,Variable
ExclusiveRateOfChangeAlarmType_ActiveState_EffectiveDisplayName,9684,Variable
ExclusiveRateOfChangeAlarmType_ActiveState_TransitionTime,9685,Variable
ExclusiveRateOfChangeAlarmType_ActiveState_EffectiveTransitionTime,9686,Variable
ExclusiveRateOfChangeAlarmType_ActiveState_TrueState,9687,Variable
ExclusiveRateOfChangeAlarmType_ActiveState_FalseState,9688,Variable
ExclusiveRateOfChangeAlarmType_SuppressedState,9689,Variable
ExclusiveRateOfChangeAlarmType_SuppressedState_Id,9690,Variable
ExclusiveRateOfChangeAlarmType_SuppressedState_Name,9691,Variable
ExclusiveRateOfChangeAlarmType_SuppressedState_Number,9692,Variable
ExclusiveRateOfChangeAlarmType_SuppressedState_EffectiveDisplayName,9693,Variable
ExclusiveRateOfChangeAlarmType_SuppressedState_TransitionTime,9694,Variable
ExclusiveRateOfChangeAlarmType_SuppressedState_EffectiveTransitionTime,9695,Variable
ExclusiveRateOfChangeAlarmType_SuppressedState_TrueState,9696,Variable
ExclusiveRateOfChangeAlarmType_SuppressedState_FalseState,9697,Variable
ExclusiveRateOfChangeAlarmType_ShelvingState,9698,Object
ExclusiveRateOfChangeAlarmType_ShelvingState_CurrentState,9699,Variable
ExclusiveRateOfChangeAlarmType_ShelvingState_CurrentState_Id,9700,Variable
ExclusiveRateOfChangeAlarmType_ShelvingState_CurrentState_Name,9701,Variable
ExclusiveRateOfChangeAlarmType_ShelvingState_CurrentState_Number,9702,Variable
ExclusiveRateOfChangeAlarmType_ShelvingState_CurrentState_EffectiveDisplayName,9703,Variable
ExclusiveRateOfChangeAlarmType_ShelvingState_LastTransition,9704,Variable
ExclusiveRateOfChangeAlarmType_ShelvingState_LastTransition_Id,9705,Variable
ExclusiveRateOfChangeAlarmType_ShelvingState_LastTransition_Name,9706,Variable
ExclusiveRateOfChangeAlarmType_ShelvingState_LastTransition_Number,9707,Variable
ExclusiveRateOfChangeAlarmType_ShelvingState_LastTransition_TransitionTime,9708,Variable
ExclusiveRateOfChangeAlarmType_ShelvingState_UnshelveTime,9709,Variable
ExclusiveRateOfChangeAlarmType_ShelvingState_Unshelve,9731,Method
ExclusiveRateOfChangeAlarmType_ShelvingState_OneShotShelve,9732,Method
ExclusiveRateOfChangeAlarmType_ShelvingState_TimedShelve,9733,Method
ExclusiveRateOfChangeAlarmType_ShelvingState_TimedShelve_InputArguments,9734,Variable
ExclusiveRateOfChangeAlarmType_SuppressedOrShelved,9735,Variable
ExclusiveRateOfChangeAlarmType_MaxTimeShelved,9736,Variable
ExclusiveRateOfChangeAlarmType_LimitState,9737,Object
ExclusiveRateOfChangeAlarmType_LimitState_CurrentState,9738,Variable
ExclusiveRateOfChangeAlarmType_LimitState_CurrentState_Id,9739,Variable
ExclusiveRateOfChangeAlarmType_LimitState_CurrentState_Name,9740,Variable
ExclusiveRateOfChangeAlarmType_LimitState_CurrentState_Number,9741,Variable
ExclusiveRateOfChangeAlarmType_LimitState_CurrentState_EffectiveDisplayName,9742,Variable
ExclusiveRateOfChangeAlarmType_LimitState_LastTransition,9743,Variable
ExclusiveRateOfChangeAlarmType_LimitState_LastTransition_Id,9744,Variable
ExclusiveRateOfChangeAlarmType_LimitState_LastTransition_Name,9745,Variable
ExclusiveRateOfChangeAlarmType_LimitState_LastTransition_Number,9746,Variable
ExclusiveRateOfChangeAlarmType_LimitState_LastTransition_TransitionTime,9747,Variable
ExclusiveRateOfChangeAlarmType_HighHighLimit,9760,Variable
ExclusiveRateOfChangeAlarmType_HighLimit,9761,Variable
ExclusiveRateOfChangeAlarmType_LowLimit,9762,Variable
ExclusiveRateOfChangeAlarmType_LowLowLimit,9763,Variable
ExclusiveDeviationAlarmType,9764,ObjectType
ExclusiveDeviationAlarmType_EventId,9765,Variable
ExclusiveDeviationAlarmType_EventType,9766,Variable
ExclusiveDeviationAlarmType_SourceNode,9767,Variable
ExclusiveDeviationAlarmType_SourceName,9768,Variable
ExclusiveDeviationAlarmType_Time,9769,Variable
ExclusiveDeviationAlarmType_ReceiveTime,9770,Variable
ExclusiveDeviationAlarmType_LocalTime,9771,Variable
ExclusiveDeviationAlarmType_Message,9772,Variable
ExclusiveDeviationAlarmType_Severity,9773,Variable
ExclusiveDeviationAlarmType_ConditionName,9774,Variable
ExclusiveDeviationAlarmType_BranchId,9775,Variable
ExclusiveDeviationAlarmType_Retain,9776,Variable
ExclusiveDeviationAlarmType_EnabledState,9777,Variable
ExclusiveDeviationAlarmType_EnabledState_Id,9778,Variable
ExclusiveDeviationAlarmType_EnabledState_Name,9779,Variable
ExclusiveDeviationAlarmType_EnabledState_Number,9780,Variable
ExclusiveDeviationAlarmType_EnabledState_EffectiveDisplayName,9781,Variable
ExclusiveDeviationAlarmType_EnabledState_TransitionTime,9782,Variable
ExclusiveDeviationAlarmType_EnabledState_EffectiveTransitionTime,9783,Variable
ExclusiveDeviationAlarmType_EnabledState_TrueState,9784,Variable
ExclusiveDeviationAlarmType_EnabledState_FalseState,9785,Variable
ExclusiveDeviationAlarmType_Quality,9786,Variable
ExclusiveDeviationAlarmType_Quality_SourceTimestamp,9787,Variable
ExclusiveDeviationAlarmType_LastSeverity,9788,Variable
ExclusiveDeviationAlarmType_LastSeverity_SourceTimestamp,9789,Variable
ExclusiveDeviationAlarmType_Comment,9790,Variable
ExclusiveDeviationAlarmType_Comment_SourceTimestamp,9791,Variable
ExclusiveDeviationAlarmType_ClientUserId,9792,Variable
ExclusiveDeviationAlarmType_Enable,9793,Method
ExclusiveDeviationAlarmType_Disable,9794,Method
ExclusiveDeviationAlarmType_AddComment,9795,Method
ExclusiveDeviationAlarmType_AddComment_InputArguments,9796,Variable
ExclusiveDeviationAlarmType_ConditionRefresh,9797,Method
ExclusiveDeviationAlarmType_ConditionRefresh_InputArguments,9798,Variable
ExclusiveDeviationAlarmType_AckedState,9799,Variable
ExclusiveDeviationAlarmType_AckedState_Id,9800,Variable
ExclusiveDeviationAlarmType_AckedState_Name,9801,Variable
ExclusiveDeviationAlarmType_AckedState_Number,9802,Variable
ExclusiveDeviationAlarmType_AckedState_EffectiveDisplayName,9803,Variable
ExclusiveDeviationAlarmType_AckedState_TransitionTime,9804,Variable
ExclusiveDeviationAlarmType_AckedState_EffectiveTransitionTime,9805,Variable
ExclusiveDeviationAlarmType_AckedState_TrueState,9806,Variable
ExclusiveDeviationAlarmType_AckedState_FalseState,9807,Variable
ExclusiveDeviationAlarmType_ConfirmedState,9808,Variable
ExclusiveDeviationAlarmType_ConfirmedState_Id,9809,Variable
ExclusiveDeviationAlarmType_ConfirmedState_Name,9810,Variable
ExclusiveDeviationAlarmType_ConfirmedState_Number,9811,Variable
ExclusiveDeviationAlarmType_ConfirmedState_EffectiveDisplayName,9812,Variable
ExclusiveDeviationAlarmType_ConfirmedState_TransitionTime,9813,Variable
ExclusiveDeviationAlarmType_ConfirmedState_EffectiveTransitionTime,9814,Variable
ExclusiveDeviationAlarmType_ConfirmedState_TrueState,9815,Variable
ExclusiveDeviationAlarmType_ConfirmedState_FalseState,9816,Variable
ExclusiveDeviationAlarmType_Acknowledge,9817,Method
ExclusiveDeviationAlarmType_Acknowledge_InputArguments,9818,Variable
ExclusiveDeviationAlarmType_Confirm,9819,Method
ExclusiveDeviationAlarmType_Confirm_InputArguments,9820,Variable
ExclusiveDeviationAlarmType_ActiveState,9821,Variable
ExclusiveDeviationAlarmType_ActiveState_Id,9822,Variable
ExclusiveDeviationAlarmType_ActiveState_Name,9823,Variable
ExclusiveDeviationAlarmType_ActiveState_Number,9824,Variable
ExclusiveDeviationAlarmType_ActiveState_EffectiveDisplayName,9825,Variable
ExclusiveDeviationAlarmType_ActiveState_TransitionTime,9826,Variable
ExclusiveDeviationAlarmType_ActiveState_EffectiveTransitionTime,9827,Variable
ExclusiveDeviationAlarmType_ActiveState_TrueState,9828,Variable
ExclusiveDeviationAlarmType_ActiveState_FalseState,9829,Variable
ExclusiveDeviationAlarmType_SuppressedState,9830,Variable
ExclusiveDeviationAlarmType_SuppressedState_Id,9831,Variable
ExclusiveDeviationAlarmType_SuppressedState_Name,9832,Variable
ExclusiveDeviationAlarmType_SuppressedState_Number,9833,Variable
ExclusiveDeviationAlarmType_SuppressedState_EffectiveDisplayName,9834,Variable
ExclusiveDeviationAlarmType_SuppressedState_TransitionTime,9835,Variable
ExclusiveDeviationAlarmType_SuppressedState_EffectiveTransitionTime,9836,Variable
ExclusiveDeviationAlarmType_SuppressedState_TrueState,9837,Variable
ExclusiveDeviationAlarmType_SuppressedState_FalseState,9838,Variable
ExclusiveDeviationAlarmType_ShelvingState,9839,Object
ExclusiveDeviationAlarmType_ShelvingState_CurrentState,9840,Variable
ExclusiveDeviationAlarmType_ShelvingState_CurrentState_Id,9841,Variable
ExclusiveDeviationAlarmType_ShelvingState_CurrentState_Name,9842,Variable
ExclusiveDeviationAlarmType_ShelvingState_CurrentState_Number,9843,Variable
ExclusiveDeviationAlarmType_ShelvingState_CurrentState_EffectiveDisplayName,9844,Variable
ExclusiveDeviationAlarmType_ShelvingState_LastTransition,9845,Variable
ExclusiveDeviationAlarmType_ShelvingState_LastTransition_Id,9846,Variable
ExclusiveDeviationAlarmType_ShelvingState_LastTransition_Name,9847,Variable
ExclusiveDeviationAlarmType_ShelvingState_LastTransition_Number,9848,Variable
ExclusiveDeviationAlarmType_ShelvingState_LastTransition_TransitionTime,9849,Variable
ExclusiveDeviationAlarmType_ShelvingState_UnshelveTime,9850,Variable
ExclusiveDeviationAlarmType_ShelvingState_Unshelve,9872,Method
ExclusiveDeviationAlarmType_ShelvingState_OneShotShelve,9873,Method
ExclusiveDeviationAlarmType_ShelvingState_TimedShelve,9874,Method
ExclusiveDeviationAlarmType_ShelvingState_TimedShelve_InputArguments,9875,Variable
ExclusiveDeviationAlarmType_SuppressedOrShelved,9876,Variable
ExclusiveDeviationAlarmType_MaxTimeShelved,9877,Variable
ExclusiveDeviationAlarmType_LimitState,9878,Object
ExclusiveDeviationAlarmType_LimitState_CurrentState,9879,Variable
ExclusiveDeviationAlarmType_LimitState_CurrentState_Id,9880,Variable
ExclusiveDeviationAlarmType_LimitState_CurrentState_Name,9881,Variable
ExclusiveDeviationAlarmType_LimitState_CurrentState_Number,9882,Variable
ExclusiveDeviationAlarmType_LimitState_CurrentState_EffectiveDisplayName,9883,Variable
ExclusiveDeviationAlarmType_LimitState_LastTransition,9884,Variable
ExclusiveDeviationAlarmType_LimitState_LastTransition_Id,9885,Variable
ExclusiveDeviationAlarmType_LimitState_LastTransition_Name,9886,Variable
ExclusiveDeviationAlarmType_LimitState_LastTransition_Number,9887,Variable
ExclusiveDeviationAlarmType_LimitState_LastTransition_TransitionTime,9888,Variable
ExclusiveDeviationAlarmType_HighHighLimit,9901,Variable
ExclusiveDeviationAlarmType_HighLimit,9902,Variable
ExclusiveDeviationAlarmType_LowLimit,9903,Variable
ExclusiveDeviationAlarmType_LowLowLimit,9904,Variable
ExclusiveDeviationAlarmType_SetpointNode,9905,Variable
NonExclusiveLimitAlarmType,9906,ObjectType
NonExclusiveLimitAlarmType_EventId,9907,Variable
NonExclusiveLimitAlarmType_EventType,9908,Variable
NonExclusiveLimitAlarmType_SourceNode,9909,Variable
NonExclusiveLimitAlarmType_SourceName,9910,Variable
NonExclusiveLimitAlarmType_Time,9911,Variable
NonExclusiveLimitAlarmType_ReceiveTime,9912,Variable
NonExclusiveLimitAlarmType_LocalTime,9913,Variable
NonExclusiveLimitAlarmType_Message,9914,Variable
NonExclusiveLimitAlarmType_Severity,9915,Variable
NonExclusiveLimitAlarmType_ConditionName,9916,Variable
NonExclusiveLimitAlarmType_BranchId,9917,Variable
NonExclusiveLimitAlarmType_Retain,9918,Variable
NonExclusiveLimitAlarmType_EnabledState,9919,Variable
NonExclusiveLimitAlarmType_EnabledState_Id,9920,Variable
NonExclusiveLimitAlarmType_EnabledState_Name,9921,Variable
NonExclusiveLimitAlarmType_EnabledState_Number,9922,Variable
NonExclusiveLimitAlarmType_EnabledState_EffectiveDisplayName,9923,Variable
NonExclusiveLimitAlarmType_EnabledState_TransitionTime,9924,Variable
NonExclusiveLimitAlarmType_EnabledState_EffectiveTransitionTime,9925,Variable
NonExclusiveLimitAlarmType_EnabledState_TrueState,9926,Variable
NonExclusiveLimitAlarmType_EnabledState_FalseState,9927,Variable
NonExclusiveLimitAlarmType_Quality,9928,Variable
NonExclusiveLimitAlarmType_Quality_SourceTimestamp,9929,Variable
NonExclusiveLimitAlarmType_LastSeverity,9930,Variable
NonExclusiveLimitAlarmType_LastSeverity_SourceTimestamp,9931,Variable
NonExclusiveLimitAlarmType_Comment,9932,Variable
NonExclusiveLimitAlarmType_Comment_SourceTimestamp,9933,Variable
NonExclusiveLimitAlarmType_ClientUserId,9934,Variable
NonExclusiveLimitAlarmType_Enable,9935,Method
NonExclusiveLimitAlarmType_Disable,9936,Method
NonExclusiveLimitAlarmType_AddComment,9937,Method
NonExclusiveLimitAlarmType_AddComment_InputArguments,9938,Variable
NonExclusiveLimitAlarmType_ConditionRefresh,9939,Method
NonExclusiveLimitAlarmType_ConditionRefresh_InputArguments,9940,Variable
NonExclusiveLimitAlarmType_AckedState,9941,Variable
NonExclusiveLimitAlarmType_AckedState_Id,9942,Variable
NonExclusiveLimitAlarmType_AckedState_Name,9943,Variable
NonExclusiveLimitAlarmType_AckedState_Number,9944,Variable
NonExclusiveLimitAlarmType_AckedState_EffectiveDisplayName,9945,Variable
NonExclusiveLimitAlarmType_AckedState_TransitionTime,9946,Variable
NonExclusiveLimitAlarmType_AckedState_EffectiveTransitionTime,9947,Variable
NonExclusiveLimitAlarmType_AckedState_TrueState,9948,Variable
NonExclusiveLimitAlarmType_AckedState_FalseState,9949,Variable
NonExclusiveLimitAlarmType_ConfirmedState,9950,Variable
NonExclusiveLimitAlarmType_ConfirmedState_Id,9951,Variable
NonExclusiveLimitAlarmType_ConfirmedState_Name,9952,Variable
NonExclusiveLimitAlarmType_ConfirmedState_Number,9953,Variable
NonExclusiveLimitAlarmType_ConfirmedState_EffectiveDisplayName,9954,Variable
NonExclusiveLimitAlarmType_ConfirmedState_TransitionTime,9955,Variable
NonExclusiveLimitAlarmType_ConfirmedState_EffectiveTransitionTime,9956,Variable
NonExclusiveLimitAlarmType_ConfirmedState_TrueState,9957,Variable
NonExclusiveLimitAlarmType_ConfirmedState_FalseState,9958,Variable
NonExclusiveLimitAlarmType_Acknowledge,9959,Method
NonExclusiveLimitAlarmType_Acknowledge_InputArguments,9960,Variable
NonExclusiveLimitAlarmType_Confirm,9961,Method
NonExclusiveLimitAlarmType_Confirm_InputArguments,9962,Variable
NonExclusiveLimitAlarmType_ActiveState,9963,Variable
NonExclusiveLimitAlarmType_ActiveState_Id,9964,Variable
NonExclusiveLimitAlarmType_ActiveState_Name,9965,Variable
NonExclusiveLimitAlarmType_ActiveState_Number,9966,Variable
NonExclusiveLimitAlarmType_ActiveState_EffectiveDisplayName,9967,Variable
NonExclusiveLimitAlarmType_ActiveState_TransitionTime,9968,Variable
NonExclusiveLimitAlarmType_ActiveState_EffectiveTransitionTime,9969,Variable
NonExclusiveLimitAlarmType_ActiveState_TrueState,9970,Variable
NonExclusiveLimitAlarmType_ActiveState_FalseState,9971,Variable
NonExclusiveLimitAlarmType_SuppressedState,9972,Variable
NonExclusiveLimitAlarmType_SuppressedState_Id,9973,Variable
NonExclusiveLimitAlarmType_SuppressedState_Name,9974,Variable
NonExclusiveLimitAlarmType_SuppressedState_Number,9975,Variable
NonExclusiveLimitAlarmType_SuppressedState_EffectiveDisplayName,9976,Variable
NonExclusiveLimitAlarmType_SuppressedState_TransitionTime,9977,Variable
NonExclusiveLimitAlarmType_SuppressedState_EffectiveTransitionTime,9978,Variable
NonExclusiveLimitAlarmType_SuppressedState_TrueState,9979,Variable
NonExclusiveLimitAlarmType_SuppressedState_FalseState,9980,Variable
NonExclusiveLimitAlarmType_ShelvingState,9981,Object
NonExclusiveLimitAlarmType_ShelvingState_CurrentState,9982,Variable
NonExclusiveLimitAlarmType_ShelvingState_CurrentState_Id,9983,Variable
NonExclusiveLimitAlarmType_ShelvingState_CurrentState_Name,9984,Variable
NonExclusiveLimitAlarmType_ShelvingState_CurrentState_Number,9985,Variable
NonExclusiveLimitAlarmType_ShelvingState_CurrentState_EffectiveDisplayName,9986,Variable
NonExclusiveLimitAlarmType_ShelvingState_LastTransition,9987,Variable
NonExclusiveLimitAlarmType_ShelvingState_LastTransition_Id,9988,Variable
NonExclusiveLimitAlarmType_ShelvingState_LastTransition_Name,9989,Variable
NonExclusiveLimitAlarmType_ShelvingState_LastTransition_Number,9990,Variable
NonExclusiveLimitAlarmType_ShelvingState_LastTransition_TransitionTime,9991,Variable
NonExclusiveLimitAlarmType_ShelvingState_UnshelveTime,9992,Variable
NonExclusiveLimitAlarmType_ShelvingState_Unshelve,10014,Method
NonExclusiveLimitAlarmType_ShelvingState_OneShotShelve,10015,Method
NonExclusiveLimitAlarmType_ShelvingState_TimedShelve,10016,Method
NonExclusiveLimitAlarmType_ShelvingState_TimedShelve_InputArguments,10017,Variable
NonExclusiveLimitAlarmType_SuppressedOrShelved,10018,Variable
NonExclusiveLimitAlarmType_MaxTimeShelved,10019,Variable
NonExclusiveLimitAlarmType_HighHighState,10020,Variable
NonExclusiveLimitAlarmType_HighHighState_Id,10021,Variable
NonExclusiveLimitAlarmType_HighHighState_Name,10022,Variable
NonExclusiveLimitAlarmType_HighHighState_Number,10023,Variable
NonExclusiveLimitAlarmType_HighHighState_EffectiveDisplayName,10024,Variable
NonExclusiveLimitAlarmType_HighHighState_TransitionTime,10025,Variable
NonExclusiveLimitAlarmType_HighHighState_EffectiveTransitionTime,10026,Variable
NonExclusiveLimitAlarmType_HighHighState_TrueState,10027,Variable
NonExclusiveLimitAlarmType_HighHighState_FalseState,10028,Variable
NonExclusiveLimitAlarmType_HighState,10029,Variable
NonExclusiveLimitAlarmType_HighState_Id,10030,Variable
NonExclusiveLimitAlarmType_HighState_Name,10031,Variable
NonExclusiveLimitAlarmType_HighState_Number,10032,Variable
NonExclusiveLimitAlarmType_HighState_EffectiveDisplayName,10033,Variable
NonExclusiveLimitAlarmType_HighState_TransitionTime,10034,Variable
NonExclusiveLimitAlarmType_HighState_EffectiveTransitionTime,10035,Variable
NonExclusiveLimitAlarmType_HighState_TrueState,10036,Variable
NonExclusiveLimitAlarmType_HighState_FalseState,10037,Variable
NonExclusiveLimitAlarmType_LowState,10038,Variable
NonExclusiveLimitAlarmType_LowState_Id,10039,Variable
NonExclusiveLimitAlarmType_LowState_Name,10040,Variable
NonExclusiveLimitAlarmType_LowState_Number,10041,Variable
NonExclusiveLimitAlarmType_LowState_EffectiveDisplayName,10042,Variable
NonExclusiveLimitAlarmType_LowState_TransitionTime,10043,Variable
NonExclusiveLimitAlarmType_LowState_EffectiveTransitionTime,10044,Variable
NonExclusiveLimitAlarmType_LowState_TrueState,10045,Variable
NonExclusiveLimitAlarmType_LowState_FalseState,10046,Variable
NonExclusiveLimitAlarmType_LowLowState,10047,Variable
NonExclusiveLimitAlarmType_LowLowState_Id,10048,Variable
NonExclusiveLimitAlarmType_LowLowState_Name,10049,Variable
NonExclusiveLimitAlarmType_LowLowState_Number,10050,Variable
NonExclusiveLimitAlarmType_LowLowState_EffectiveDisplayName,10051,Variable
NonExclusiveLimitAlarmType_LowLowState_TransitionTime,10052,Variable
NonExclusiveLimitAlarmType_LowLowState_EffectiveTransitionTime,10053,Variable
NonExclusiveLimitAlarmType_LowLowState_TrueState,10054,Variable
NonExclusiveLimitAlarmType_LowLowState_FalseState,10055,Variable
NonExclusiveLimitAlarmType_HighHighLimit,10056,Variable
NonExclusiveLimitAlarmType_HighLimit,10057,Variable
NonExclusiveLimitAlarmType_LowLimit,10058,Variable
NonExclusiveLimitAlarmType_LowLowLimit,10059,Variable
NonExclusiveLevelAlarmType,10060,ObjectType
NonExclusiveLevelAlarmType_EventId,10061,Variable
NonExclusiveLevelAlarmType_EventType,10062,Variable
NonExclusiveLevelAlarmType_SourceNode,10063,Variable
NonExclusiveLevelAlarmType_SourceName,10064,Variable
NonExclusiveLevelAlarmType_Time,10065,Variable
NonExclusiveLevelAlarmType_ReceiveTime,10066,Variable
NonExclusiveLevelAlarmType_LocalTime,10067,Variable
NonExclusiveLevelAlarmType_Message,10068,Variable
NonExclusiveLevelAlarmType_Severity,10069,Variable
NonExclusiveLevelAlarmType_ConditionName,10070,Variable
NonExclusiveLevelAlarmType_BranchId,10071,Variable
NonExclusiveLevelAlarmType_Retain,10072,Variable
NonExclusiveLevelAlarmType_EnabledState,10073,Variable
NonExclusiveLevelAlarmType_EnabledState_Id,10074,Variable
NonExclusiveLevelAlarmType_EnabledState_Name,10075,Variable
NonExclusiveLevelAlarmType_EnabledState_Number,10076,Variable
NonExclusiveLevelAlarmType_EnabledState_EffectiveDisplayName,10077,Variable
NonExclusiveLevelAlarmType_EnabledState_TransitionTime,10078,Variable
NonExclusiveLevelAlarmType_EnabledState_EffectiveTransitionTime,10079,Variable
NonExclusiveLevelAlarmType_EnabledState_TrueState,10080,Variable
NonExclusiveLevelAlarmType_EnabledState_FalseState,10081,Variable
NonExclusiveLevelAlarmType_Quality,10082,Variable
NonExclusiveLevelAlarmType_Quality_SourceTimestamp,10083,Variable
NonExclusiveLevelAlarmType_LastSeverity,10084,Variable
NonExclusiveLevelAlarmType_LastSeverity_SourceTimestamp,10085,Variable
NonExclusiveLevelAlarmType_Comment,10086,Variable
NonExclusiveLevelAlarmType_Comment_SourceTimestamp,10087,Variable
NonExclusiveLevelAlarmType_ClientUserId,10088,Variable
NonExclusiveLevelAlarmType_Enable,10089,Method
NonExclusiveLevelAlarmType_Disable,10090,Method
NonExclusiveLevelAlarmType_AddComment,10091,Method
NonExclusiveLevelAlarmType_AddComment_InputArguments,10092,Variable
NonExclusiveLevelAlarmType_ConditionRefresh,10093,Method
NonExclusiveLevelAlarmType_ConditionRefresh_InputArguments,10094,Variable
NonExclusiveLevelAlarmType_AckedState,10095,Variable
NonExclusiveLevelAlarmType_AckedState_Id,10096,Variable
NonExclusiveLevelAlarmType_AckedState_Name,10097,Variable
NonExclusiveLevelAlarmType_AckedState_Number,10098,Variable
NonExclusiveLevelAlarmType_AckedState_EffectiveDisplayName,10099,Variable
NonExclusiveLevelAlarmType_AckedState_TransitionTime,10100,Variable
NonExclusiveLevelAlarmType_AckedState_EffectiveTransitionTime,10101,Variable
NonExclusiveLevelAlarmType_AckedState_TrueState,10102,Variable
NonExclusiveLevelAlarmType_AckedState_FalseState,10103,Variable
NonExclusiveLevelAlarmType_ConfirmedState,10104,Variable
NonExclusiveLevelAlarmType_ConfirmedState_Id,10105,Variable
NonExclusiveLevelAlarmType_ConfirmedState_Name,10106,Variable
NonExclusiveLevelAlarmType_ConfirmedState_Number,10107,Variable
NonExclusiveLevelAlarmType_ConfirmedState_EffectiveDisplayName,10108,Variable
NonExclusiveLevelAlarmType_ConfirmedState_TransitionTime,10109,Variable
NonExclusiveLevelAlarmType_ConfirmedState_EffectiveTransitionTime,10110,Variable
NonExclusiveLevelAlarmType_ConfirmedState_TrueState,10111,Variable
NonExclusiveLevelAlarmType_ConfirmedState_FalseState,10112,Variable
NonExclusiveLevelAlarmType_Acknowledge,10113,Method
NonExclusiveLevelAlarmType_Acknowledge_InputArguments,10114,Variable
NonExclusiveLevelAlarmType_Confirm,10115,Method
NonExclusiveLevelAlarmType_Confirm_InputArguments,10116,Variable
NonExclusiveLevelAlarmType_ActiveState,10117,Variable
NonExclusiveLevelAlarmType_ActiveState_Id,10118,Variable
NonExclusiveLevelAlarmType_ActiveState_Name,10119,Variable
NonExclusiveLevelAlarmType_ActiveState_Number,10120,Variable
NonExclusiveLevelAlarmType_ActiveState_EffectiveDisplayName,10121,Variable
NonExclusiveLevelAlarmType_ActiveState_TransitionTime,10122,Variable
NonExclusiveLevelAlarmType_ActiveState_EffectiveTransitionTime,10123,Variable
NonExclusiveLevelAlarmType_ActiveState_TrueState,10124,Variable
NonExclusiveLevelAlarmType_ActiveState_FalseState,10125,Variable
NonExclusiveLevelAlarmType_SuppressedState,10126,Variable
NonExclusiveLevelAlarmType_SuppressedState_Id,10127,Variable
NonExclusiveLevelAlarmType_SuppressedState_Name,10128,Variable
NonExclusiveLevelAlarmType_SuppressedState_Number,10129,Variable
NonExclusiveLevelAlarmType_SuppressedState_EffectiveDisplayName,10130,Variable
NonExclusiveLevelAlarmType_SuppressedState_TransitionTime,10131,Variable
NonExclusiveLevelAlarmType_SuppressedState_EffectiveTransitionTime,10132,Variable
NonExclusiveLevelAlarmType_SuppressedState_TrueState,10133,Variable
NonExclusiveLevelAlarmType_SuppressedState_FalseState,10134,Variable
NonExclusiveLevelAlarmType_ShelvingState,10135,Object
NonExclusiveLevelAlarmType_ShelvingState_CurrentState,10136,Variable
NonExclusiveLevelAlarmType_ShelvingState_CurrentState_Id,10137,Variable
NonExclusiveLevelAlarmType_ShelvingState_CurrentState_Name,10138,Variable
NonExclusiveLevelAlarmType_ShelvingState_CurrentState_Number,10139,Variable
NonExclusiveLevelAlarmType_ShelvingState_CurrentState_EffectiveDisplayName,10140,Variable
NonExclusiveLevelAlarmType_ShelvingState_LastTransition,10141,Variable
NonExclusiveLevelAlarmType_ShelvingState_LastTransition_Id,10142,Variable
NonExclusiveLevelAlarmType_ShelvingState_LastTransition_Name,10143,Variable
NonExclusiveLevelAlarmType_ShelvingState_LastTransition_Number,10144,Variable
NonExclusiveLevelAlarmType_ShelvingState_LastTransition_TransitionTime,10145,Variable
NonExclusiveLevelAlarmType_ShelvingState_UnshelveTime,10146,Variable
NonExclusiveLevelAlarmType_ShelvingState_Unshelve,10168,Method
NonExclusiveLevelAlarmType_ShelvingState_OneShotShelve,10169,Method
NonExclusiveLevelAlarmType_ShelvingState_TimedShelve,10170,Method
NonExclusiveLevelAlarmType_ShelvingState_TimedShelve_InputArguments,10171,Variable
NonExclusiveLevelAlarmType_SuppressedOrShelved,10172,Variable
NonExclusiveLevelAlarmType_MaxTimeShelved,10173,Variable
NonExclusiveLevelAlarmType_HighHighState,10174,Variable
NonExclusiveLevelAlarmType_HighHighState_Id,10175,Variable
NonExclusiveLevelAlarmType_HighHighState_Name,10176,Variable
NonExclusiveLevelAlarmType_HighHighState_Number,10177,Variable
NonExclusiveLevelAlarmType_HighHighState_EffectiveDisplayName,10178,Variable
NonExclusiveLevelAlarmType_HighHighState_TransitionTime,10179,Variable
NonExclusiveLevelAlarmType_HighHighState_EffectiveTransitionTime,10180,Variable
NonExclusiveLevelAlarmType_HighHighState_TrueState,10181,Variable
NonExclusiveLevelAlarmType_HighHighState_FalseState,10182,Variable
NonExclusiveLevelAlarmType_HighState,10183,Variable
NonExclusiveLevelAlarmType_HighState_Id,10184,Variable
NonExclusiveLevelAlarmType_HighState_Name,10185,Variable
NonExclusiveLevelAlarmType_HighState_Number,10186,Variable
NonExclusiveLevelAlarmType_HighState_EffectiveDisplayName,10187,Variable
NonExclusiveLevelAlarmType_HighState_TransitionTime,10188,Variable
NonExclusiveLevelAlarmType_HighState_EffectiveTransitionTime,10189,Variable
NonExclusiveLevelAlarmType_HighState_TrueState,10190,Variable
NonExclusiveLevelAlarmType_HighState_FalseState,10191,Variable
NonExclusiveLevelAlarmType_LowState,10192,Variable
NonExclusiveLevelAlarmType_LowState_Id,10193,Variable
NonExclusiveLevelAlarmType_LowState_Name,10194,Variable
NonExclusiveLevelAlarmType_LowState_Number,10195,Variable
NonExclusiveLevelAlarmType_LowState_EffectiveDisplayName,10196,Variable
NonExclusiveLevelAlarmType_LowState_TransitionTime,10197,Variable
NonExclusiveLevelAlarmType_LowState_EffectiveTransitionTime,10198,Variable
NonExclusiveLevelAlarmType_LowState_TrueState,10199,Variable
NonExclusiveLevelAlarmType_LowState_FalseState,10200,Variable
NonExclusiveLevelAlarmType_LowLowState,10201,Variable
NonExclusiveLevelAlarmType_LowLowState_Id,10202,Variable
NonExclusiveLevelAlarmType_LowLowState_Name,10203,Variable
NonExclusiveLevelAlarmType_LowLowState_Number,10204,Variable
NonExclusiveLevelAlarmType_LowLowState_EffectiveDisplayName,10205,Variable
NonExclusiveLevelAlarmType_LowLowState_TransitionTime,10206,Variable
NonExclusiveLevelAlarmType_LowLowState_EffectiveTransitionTime,10207,Variable
NonExclusiveLevelAlarmType_LowLowState_TrueState,10208,Variable
NonExclusiveLevelAlarmType_LowLowState_FalseState,10209,Variable
NonExclusiveLevelAlarmType_HighHighLimit,10210,Variable
NonExclusiveLevelAlarmType_HighLimit,10211,Variable
NonExclusiveLevelAlarmType_LowLimit,10212,Variable
NonExclusiveLevelAlarmType_LowLowLimit,10213,Variable
NonExclusiveRateOfChangeAlarmType,10214,ObjectType
NonExclusiveRateOfChangeAlarmType_EventId,10215,Variable
NonExclusiveRateOfChangeAlarmType_EventType,10216,Variable
NonExclusiveRateOfChangeAlarmType_SourceNode,10217,Variable
NonExclusiveRateOfChangeAlarmType_SourceName,10218,Variable
NonExclusiveRateOfChangeAlarmType_Time,10219,Variable
NonExclusiveRateOfChangeAlarmType_ReceiveTime,10220,Variable
NonExclusiveRateOfChangeAlarmType_LocalTime,10221,Variable
NonExclusiveRateOfChangeAlarmType_Message,10222,Variable
NonExclusiveRateOfChangeAlarmType_Severity,10223,Variable
NonExclusiveRateOfChangeAlarmType_ConditionName,10224,Variable
NonExclusiveRateOfChangeAlarmType_BranchId,10225,Variable
NonExclusiveRateOfChangeAlarmType_Retain,10226,Variable
NonExclusiveRateOfChangeAlarmType_EnabledState,10227,Variable
NonExclusiveRateOfChangeAlarmType_EnabledState_Id,10228,Variable
NonExclusiveRateOfChangeAlarmType_EnabledState_Name,10229,Variable
NonExclusiveRateOfChangeAlarmType_EnabledState_Number,10230,Variable
NonExclusiveRateOfChangeAlarmType_EnabledState_EffectiveDisplayName,10231,Variable
NonExclusiveRateOfChangeAlarmType_EnabledState_TransitionTime,10232,Variable
NonExclusiveRateOfChangeAlarmType_EnabledState_EffectiveTransitionTime,10233,Variable
NonExclusiveRateOfChangeAlarmType_EnabledState_TrueState,10234,Variable
NonExclusiveRateOfChangeAlarmType_EnabledState_FalseState,10235,Variable
NonExclusiveRateOfChangeAlarmType_Quality,10236,Variable
NonExclusiveRateOfChangeAlarmType_Quality_SourceTimestamp,10237,Variable
NonExclusiveRateOfChangeAlarmType_LastSeverity,10238,Variable
NonExclusiveRateOfChangeAlarmType_LastSeverity_SourceTimestamp,10239,Variable
NonExclusiveRateOfChangeAlarmType_Comment,10240,Variable
NonExclusiveRateOfChangeAlarmType_Comment_SourceTimestamp,10241,Variable
NonExclusiveRateOfChangeAlarmType_ClientUserId,10242,Variable
NonExclusiveRateOfChangeAlarmType_Enable,10243,Method
NonExclusiveRateOfChangeAlarmType_Disable,10244,Method
NonExclusiveRateOfChangeAlarmType_AddComment,10245,Method
NonExclusiveRateOfChangeAlarmType_AddComment_InputArguments,10246,Variable
NonExclusiveRateOfChangeAlarmType_ConditionRefresh,10247,Method
NonExclusiveRateOfChangeAlarmType_ConditionRefresh_InputArguments,10248,Variable
NonExclusiveRateOfChangeAlarmType_AckedState,10249,Variable
NonExclusiveRateOfChangeAlarmType_AckedState_Id,10250,Variable
NonExclusiveRateOfChangeAlarmType_AckedState_Name,10251,Variable
NonExclusiveRateOfChangeAlarmType_AckedState_Number,10252,Variable
NonExclusiveRateOfChangeAlarmType_AckedState_EffectiveDisplayName,10253,Variable
NonExclusiveRateOfChangeAlarmType_AckedState_TransitionTime,10254,Variable
NonExclusiveRateOfChangeAlarmType_AckedState_EffectiveTransitionTime,10255,Variable
NonExclusiveRateOfChangeAlarmType_AckedState_TrueState,10256,Variable
NonExclusiveRateOfChangeAlarmType_AckedState_FalseState,10257,Variable
NonExclusiveRateOfChangeAlarmType_ConfirmedState,10258,Variable
NonExclusiveRateOfChangeAlarmType_ConfirmedState_Id,10259,Variable
NonExclusiveRateOfChangeAlarmType_ConfirmedState_Name,10260,Variable
NonExclusiveRateOfChangeAlarmType_ConfirmedState_Number,10261,Variable
NonExclusiveRateOfChangeAlarmType_ConfirmedState_EffectiveDisplayName,10262,Variable
NonExclusiveRateOfChangeAlarmType_ConfirmedState_TransitionTime,10263,Variable
NonExclusiveRateOfChangeAlarmType_ConfirmedState_EffectiveTransitionTime,10264,Variable
NonExclusiveRateOfChangeAlarmType_ConfirmedState_TrueState,10265,Variable
NonExclusiveRateOfChangeAlarmType_ConfirmedState_FalseState,10266,Variable
NonExclusiveRateOfChangeAlarmType_Acknowledge,10267,Method
NonExclusiveRateOfChangeAlarmType_Acknowledge_InputArguments,10268,Variable
NonExclusiveRateOfChangeAlarmType_Confirm,10269,Method
NonExclusiveRateOfChangeAlarmType_Confirm_InputArguments,10270,Variable
NonExclusiveRateOfChangeAlarmType_ActiveState,10271,Variable
NonExclusiveRateOfChangeAlarmType_ActiveState_Id,10272,Variable
NonExclusiveRateOfChangeAlarmType_ActiveState_Name,10273,Variable
NonExclusiveRateOfChangeAlarmType_ActiveState_Number,10274,Variable
NonExclusiveRateOfChangeAlarmType_ActiveState_EffectiveDisplayName,10275,Variable
NonExclusiveRateOfChangeAlarmType_ActiveState_TransitionTime,10276,Variable
NonExclusiveRateOfChangeAlarmType_ActiveState_EffectiveTransitionTime,10277,Variable
NonExclusiveRateOfChangeAlarmType_ActiveState_TrueState,10278,Variable
NonExclusiveRateOfChangeAlarmType_ActiveState_FalseState,10279,Variable
NonExclusiveRateOfChangeAlarmType_SuppressedState,10280,Variable
NonExclusiveRateOfChangeAlarmType_SuppressedState_Id,10281,Variable
NonExclusiveRateOfChangeAlarmType_SuppressedState_Name,10282,Variable
NonExclusiveRateOfChangeAlarmType_SuppressedState_Number,10283,Variable
NonExclusiveRateOfChangeAlarmType_SuppressedState_EffectiveDisplayName,10284,Variable
NonExclusiveRateOfChangeAlarmType_SuppressedState_TransitionTime,10285,Variable
NonExclusiveRateOfChangeAlarmType_SuppressedState_EffectiveTransitionTime,10286,Variable
NonExclusiveRateOfChangeAlarmType_SuppressedState_TrueState,10287,Variable
NonExclusiveRateOfChangeAlarmType_SuppressedState_FalseState,10288,Variable
NonExclusiveRateOfChangeAlarmType_ShelvingState,10289,Object
NonExclusiveRateOfChangeAlarmType_ShelvingState_CurrentState,10290,Variable
NonExclusiveRateOfChangeAlarmType_ShelvingState_CurrentState_Id,10291,Variable
NonExclusiveRateOfChangeAlarmType_ShelvingState_CurrentState_Name,10292,Variable
NonExclusiveRateOfChangeAlarmType_ShelvingState_CurrentState_Number,10293,Variable
NonExclusiveRateOfChangeAlarmType_ShelvingState_CurrentState_EffectiveDisplayName,10294,Variable
NonExclusiveRateOfChangeAlarmType_ShelvingState_LastTransition,10295,Variable
NonExclusiveRateOfChangeAlarmType_ShelvingState_LastTransition_Id,10296,Variable
NonExclusiveRateOfChangeAlarmType_ShelvingState_LastTransition_Name,10297,Variable
NonExclusiveRateOfChangeAlarmType_ShelvingState_LastTransition_Number,10298,Variable
NonExclusiveRateOfChangeAlarmType_ShelvingState_LastTransition_TransitionTime,10299,Variable
NonExclusiveRateOfChangeAlarmType_ShelvingState_UnshelveTime,10300,Variable
NonExclusiveRateOfChangeAlarmType_ShelvingState_Unshelve,10322,Method
NonExclusiveRateOfChangeAlarmType_ShelvingState_OneShotShelve,10323,Method
NonExclusiveRateOfChangeAlarmType_ShelvingState_TimedShelve,10324,Method
NonExclusiveRateOfChangeAlarmType_ShelvingState_TimedShelve_InputArguments,10325,Variable
NonExclusiveRateOfChangeAlarmType_SuppressedOrShelved,10326,Variable
NonExclusiveRateOfChangeAlarmType_MaxTimeShelved,10327,Variable
NonExclusiveRateOfChangeAlarmType_HighHighState,10328,Variable
NonExclusiveRateOfChangeAlarmType_HighHighState_Id,10329,Variable
NonExclusiveRateOfChangeAlarmType_HighHighState_Name,10330,Variable
NonExclusiveRateOfChangeAlarmType_HighHighState_Number,10331,Variable
NonExclusiveRateOfChangeAlarmType_HighHighState_EffectiveDisplayName,10332,Variable
NonExclusiveRateOfChangeAlarmType_HighHighState_TransitionTime,10333,Variable
NonExclusiveRateOfChangeAlarmType_HighHighState_EffectiveTransitionTime,10334,Variable
NonExclusiveRateOfChangeAlarmType_HighHighState_TrueState,10335,Variable
NonExclusiveRateOfChangeAlarmType_HighHighState_FalseState,10336,Variable
NonExclusiveRateOfChangeAlarmType_HighState,10337,Variable
NonExclusiveRateOfChangeAlarmType_HighState_Id,10338,Variable
NonExclusiveRateOfChangeAlarmType_HighState_Name,10339,Variable
NonExclusiveRateOfChangeAlarmType_HighState_Number,10340,Variable
NonExclusiveRateOfChangeAlarmType_HighState_EffectiveDisplayName,10341,Variable
NonExclusiveRateOfChangeAlarmType_HighState_TransitionTime,10342,Variable
NonExclusiveRateOfChangeAlarmType_HighState_EffectiveTransitionTime,10343,Variable
NonExclusiveRateOfChangeAlarmType_HighState_TrueState,10344,Variable
NonExclusiveRateOfChangeAlarmType_HighState_FalseState,10345,Variable
NonExclusiveRateOfChangeAlarmType_LowState,10346,Variable
NonExclusiveRateOfChangeAlarmType_LowState_Id,10347,Variable
NonExclusiveRateOfChangeAlarmType_LowState_Name,10348,Variable
NonExclusiveRateOfChangeAlarmType_LowState_Number,10349,Variable
NonExclusiveRateOfChangeAlarmType_LowState_EffectiveDisplayName,10350,Variable
NonExclusiveRateOfChangeAlarmType_LowState_TransitionTime,10351,Variable
NonExclusiveRateOfChangeAlarmType_LowState_EffectiveTransitionTime,10352,Variable
NonExclusiveRateOfChangeAlarmType_LowState_TrueState,10353,Variable
NonExclusiveRateOfChangeAlarmType_LowState_FalseState,10354,Variable
NonExclusiveRateOfChangeAlarmType_LowLowState,10355,Variable
NonExclusiveRateOfChangeAlarmType_LowLowState_Id,10356,Variable
NonExclusiveRateOfChangeAlarmType_LowLowState_Name,10357,Variable
NonExclusiveRateOfChangeAlarmType_LowLowState_Number,10358,Variable
NonExclusiveRateOfChangeAlarmType_LowLowState_EffectiveDisplayName,10359,Variable
NonExclusiveRateOfChangeAlarmType_LowLowState_TransitionTime,10360,Variable
NonExclusiveRateOfChangeAlarmType_LowLowState_EffectiveTransitionTime,10361,Variable
NonExclusiveRateOfChangeAlarmType_LowLowState_TrueState,10362,Variable
NonExclusiveRateOfChangeAlarmType_LowLowState_FalseState,10363,Variable
NonExclusiveRateOfChangeAlarmType_HighHighLimit,10364,Variable
NonExclusiveRateOfChangeAlarmType_HighLimit,10365,Variable
NonExclusiveRateOfChangeAlarmType_LowLimit,10366,Variable
NonExclusiveRateOfChangeAlarmType_LowLowLimit,10367,Variable
NonExclusiveDeviationAlarmType,10368,ObjectType
NonExclusiveDeviationAlarmType_EventId,10369,Variable
NonExclusiveDeviationAlarmType_EventType,10370,Variable
NonExclusiveDeviationAlarmType_SourceNode,10371,Variable
NonExclusiveDeviationAlarmType_SourceName,10372,Variable
NonExclusiveDeviationAlarmType_Time,10373,Variable
NonExclusiveDeviationAlarmType_ReceiveTime,10374,Variable
NonExclusiveDeviationAlarmType_LocalTime,10375,Variable
NonExclusiveDeviationAlarmType_Message,10376,Variable
NonExclusiveDeviationAlarmType_Severity,10377,Variable
NonExclusiveDeviationAlarmType_ConditionName,10378,Variable
NonExclusiveDeviationAlarmType_BranchId,10379,Variable
NonExclusiveDeviationAlarmType_Retain,10380,Variable
NonExclusiveDeviationAlarmType_EnabledState,10381,Variable
NonExclusiveDeviationAlarmType_EnabledState_Id,10382,Variable
NonExclusiveDeviationAlarmType_EnabledState_Name,10383,Variable
NonExclusiveDeviationAlarmType_EnabledState_Number,10384,Variable
NonExclusiveDeviationAlarmType_EnabledState_EffectiveDisplayName,10385,Variable
NonExclusiveDeviationAlarmType_EnabledState_TransitionTime,10386,Variable
NonExclusiveDeviationAlarmType_EnabledState_EffectiveTransitionTime,10387,Variable
NonExclusiveDeviationAlarmType_EnabledState_TrueState,10388,Variable
NonExclusiveDeviationAlarmType_EnabledState_FalseState,10389,Variable
NonExclusiveDeviationAlarmType_Quality,10390,Variable
NonExclusiveDeviationAlarmType_Quality_SourceTimestamp,10391,Variable
NonExclusiveDeviationAlarmType_LastSeverity,10392,Variable
NonExclusiveDeviationAlarmType_LastSeverity_SourceTimestamp,10393,Variable
NonExclusiveDeviationAlarmType_Comment,10394,Variable
NonExclusiveDeviationAlarmType_Comment_SourceTimestamp,10395,Variable
NonExclusiveDeviationAlarmType_ClientUserId,10396,Variable
NonExclusiveDeviationAlarmType_Enable,10397,Method
NonExclusiveDeviationAlarmType_Disable,10398,Method
NonExclusiveDeviationAlarmType_AddComment,10399,Method
NonExclusiveDeviationAlarmType_AddComment_InputArguments,10400,Variable
NonExclusiveDeviationAlarmType_ConditionRefresh,10401,Method
NonExclusiveDeviationAlarmType_ConditionRefresh_InputArguments,10402,Variable
NonExclusiveDeviationAlarmType_AckedState,10403,Variable
NonExclusiveDeviationAlarmType_AckedState_Id,10404,Variable
NonExclusiveDeviationAlarmType_AckedState_Name,10405,Variable
NonExclusiveDeviationAlarmType_AckedState_Number,10406,Variable
NonExclusiveDeviationAlarmType_AckedState_EffectiveDisplayName,10407,Variable
NonExclusiveDeviationAlarmType_AckedState_TransitionTime,10408,Variable
NonExclusiveDeviationAlarmType_AckedState_EffectiveTransitionTime,10409,Variable
NonExclusiveDeviationAlarmType_AckedState_TrueState,10410,Variable
NonExclusiveDeviationAlarmType_AckedState_FalseState,10411,Variable
NonExclusiveDeviationAlarmType_ConfirmedState,10412,Variable
NonExclusiveDeviationAlarmType_ConfirmedState_Id,10413,Variable
NonExclusiveDeviationAlarmType_ConfirmedState_Name,10414,Variable
NonExclusiveDeviationAlarmType_ConfirmedState_Number,10415,Variable
NonExclusiveDeviationAlarmType_ConfirmedState_EffectiveDisplayName,10416,Variable
NonExclusiveDeviationAlarmType_ConfirmedState_TransitionTime,10417,Variable
NonExclusiveDeviationAlarmType_ConfirmedState_EffectiveTransitionTime,10418,Variable
NonExclusiveDeviationAlarmType_ConfirmedState_TrueState,10419,Variable
NonExclusiveDeviationAlarmType_ConfirmedState_FalseState,10420,Variable
NonExclusiveDeviationAlarmType_Acknowledge,10421,Method
NonExclusiveDeviationAlarmType_Acknowledge_InputArguments,10422,Variable
NonExclusiveDeviationAlarmType_Confirm,10423,Method
NonExclusiveDeviationAlarmType_Confirm_InputArguments,10424,Variable
NonExclusiveDeviationAlarmType_ActiveState,10425,Variable
NonExclusiveDeviationAlarmType_ActiveState_Id,10426,Variable
NonExclusiveDeviationAlarmType_ActiveState_Name,10427,Variable
NonExclusiveDeviationAlarmType_ActiveState_Number,10428,Variable
NonExclusiveDeviationAlarmType_ActiveState_EffectiveDisplayName,10429,Variable
NonExclusiveDeviationAlarmType_ActiveState_TransitionTime,10430,Variable
NonExclusiveDeviationAlarmType_ActiveState_EffectiveTransitionTime,10431,Variable
NonExclusiveDeviationAlarmType_ActiveState_TrueState,10432,Variable
NonExclusiveDeviationAlarmType_ActiveState_FalseState,10433,Variable
NonExclusiveDeviationAlarmType_SuppressedState,10434,Variable
NonExclusiveDeviationAlarmType_SuppressedState_Id,10435,Variable
NonExclusiveDeviationAlarmType_SuppressedState_Name,10436,Variable
NonExclusiveDeviationAlarmType_SuppressedState_Number,10437,Variable
NonExclusiveDeviationAlarmType_SuppressedState_EffectiveDisplayName,10438,Variable
NonExclusiveDeviationAlarmType_SuppressedState_TransitionTime,10439,Variable
NonExclusiveDeviationAlarmType_SuppressedState_EffectiveTransitionTime,10440,Variable
NonExclusiveDeviationAlarmType_SuppressedState_TrueState,10441,Variable
NonExclusiveDeviationAlarmType_SuppressedState_FalseState,10442,Variable
NonExclusiveDeviationAlarmType_ShelvingState,10443,Object
NonExclusiveDeviationAlarmType_ShelvingState_CurrentState,10444,Variable
NonExclusiveDeviationAlarmType_ShelvingState_CurrentState_Id,10445,Variable
NonExclusiveDeviationAlarmType_ShelvingState_CurrentState_Name,10446,Variable
NonExclusiveDeviationAlarmType_ShelvingState_CurrentState_Number,10447,Variable
NonExclusiveDeviationAlarmType_ShelvingState_CurrentState_EffectiveDisplayName,10448,Variable
NonExclusiveDeviationAlarmType_ShelvingState_LastTransition,10449,Variable
NonExclusiveDeviationAlarmType_ShelvingState_LastTransition_Id,10450,Variable
NonExclusiveDeviationAlarmType_ShelvingState_LastTransition_Name,10451,Variable
NonExclusiveDeviationAlarmType_ShelvingState_LastTransition_Number,10452,Variable
NonExclusiveDeviationAlarmType_ShelvingState_LastTransition_TransitionTime,10453,Variable
NonExclusiveDeviationAlarmType_ShelvingState_UnshelveTime,10454,Variable
NonExclusiveDeviationAlarmType_ShelvingState_Unshelve,10476,Method
NonExclusiveDeviationAlarmType_ShelvingState_OneShotShelve,10477,Method
NonExclusiveDeviationAlarmType_ShelvingState_TimedShelve,10478,Method
NonExclusiveDeviationAlarmType_ShelvingState_TimedShelve_InputArguments,10479,Variable
NonExclusiveDeviationAlarmType_SuppressedOrShelved,10480,Variable
NonExclusiveDeviationAlarmType_MaxTimeShelved,10481,Variable
NonExclusiveDeviationAlarmType_HighHighState,10482,Variable
NonExclusiveDeviationAlarmType_HighHighState_Id,10483,Variable
NonExclusiveDeviationAlarmType_HighHighState_Name,10484,Variable
NonExclusiveDeviationAlarmType_HighHighState_Number,10485,Variable
NonExclusiveDeviationAlarmType_HighHighState_EffectiveDisplayName,10486,Variable
NonExclusiveDeviationAlarmType_HighHighState_TransitionTime,10487,Variable
NonExclusiveDeviationAlarmType_HighHighState_EffectiveTransitionTime,10488,Variable
NonExclusiveDeviationAlarmType_HighHighState_TrueState,10489,Variable
NonExclusiveDeviationAlarmType_HighHighState_FalseState,10490,Variable
NonExclusiveDeviationAlarmType_HighState,10491,Variable
NonExclusiveDeviationAlarmType_HighState_Id,10492,Variable
NonExclusiveDeviationAlarmType_HighState_Name,10493,Variable
NonExclusiveDeviationAlarmType_HighState_Number,10494,Variable
NonExclusiveDeviationAlarmType_HighState_EffectiveDisplayName,10495,Variable
NonExclusiveDeviationAlarmType_HighState_TransitionTime,10496,Variable
NonExclusiveDeviationAlarmType_HighState_EffectiveTransitionTime,10497,Variable
NonExclusiveDeviationAlarmType_HighState_TrueState,10498,Variable
NonExclusiveDeviationAlarmType_HighState_FalseState,10499,Variable
NonExclusiveDeviationAlarmType_LowState,10500,Variable
NonExclusiveDeviationAlarmType_LowState_Id,10501,Variable
NonExclusiveDeviationAlarmType_LowState_Name,10502,Variable
NonExclusiveDeviationAlarmType_LowState_Number,10503,Variable
NonExclusiveDeviationAlarmType_LowState_EffectiveDisplayName,10504,Variable
NonExclusiveDeviationAlarmType_LowState_TransitionTime,10505,Variable
NonExclusiveDeviationAlarmType_LowState_EffectiveTransitionTime,10506,Variable
NonExclusiveDeviationAlarmType_LowState_TrueState,10507,Variable
NonExclusiveDeviationAlarmType_LowState_FalseState,10508,Variable
NonExclusiveDeviationAlarmType_LowLowState,10509,Variable
NonExclusiveDeviationAlarmType_LowLowState_Id,10510,Variable
NonExclusiveDeviationAlarmType_LowLowState_Name,10511,Variable
NonExclusiveDeviationAlarmType_LowLowState_Number,10512,Variable
NonExclusiveDeviationAlarmType_LowLowState_EffectiveDisplayName,10513,Variable
NonExclusiveDeviationAlarmType_LowLowState_TransitionTime,10514,Variable
NonExclusiveDeviationAlarmType_LowLowState_EffectiveTransitionTime,10515,Variable
NonExclusiveDeviationAlarmType_LowLowState_TrueState,10516,Variable
NonExclusiveDeviationAlarmType_LowLowState_FalseState,10517,Variable
NonExclusiveDeviationAlarmType_HighHighLimit,10518,Variable
NonExclusiveDeviationAlarmType_HighLimit,10519,Variable
NonExclusiveDeviationAlarmType_LowLimit,10520,Variable
NonExclusiveDeviationAlarmType_LowLowLimit,10521,Variable
NonExclusiveDeviationAlarmType_SetpointNode,10522,Variable
DiscreteAlarmType,10523,ObjectType
DiscreteAlarmType_EventId,10524,Variable
DiscreteAlarmType_EventType,10525,Variable
DiscreteAlarmType_SourceNode,10526,Variable
DiscreteAlarmType_SourceName,10527,Variable
DiscreteAlarmType_Time,10528,Variable
DiscreteAlarmType_ReceiveTime,10529,Variable
DiscreteAlarmType_LocalTime,10530,Variable
DiscreteAlarmType_Message,10531,Variable
DiscreteAlarmType_Severity,10532,Variable
DiscreteAlarmType_ConditionName,10533,Variable
DiscreteAlarmType_BranchId,10534,Variable
DiscreteAlarmType_Retain,10535,Variable
DiscreteAlarmType_EnabledState,10536,Variable
DiscreteAlarmType_EnabledState_Id,10537,Variable
DiscreteAlarmType_EnabledState_Name,10538,Variable
DiscreteAlarmType_EnabledState_Number,10539,Variable
DiscreteAlarmType_EnabledState_EffectiveDisplayName,10540,Variable
DiscreteAlarmType_EnabledState_TransitionTime,10541,Variable
DiscreteAlarmType_EnabledState_EffectiveTransitionTime,10542,Variable
DiscreteAlarmType_EnabledState_TrueState,10543,Variable
DiscreteAlarmType_EnabledState_FalseState,10544,Variable
DiscreteAlarmType_Quality,10545,Variable
DiscreteAlarmType_Quality_SourceTimestamp,10546,Variable
DiscreteAlarmType_LastSeverity,10547,Variable
DiscreteAlarmType_LastSeverity_SourceTimestamp,10548,Variable
DiscreteAlarmType_Comment,10549,Variable
DiscreteAlarmType_Comment_SourceTimestamp,10550,Variable
DiscreteAlarmType_ClientUserId,10551,Variable
DiscreteAlarmType_Enable,10552,Method
DiscreteAlarmType_Disable,10553,Method
DiscreteAlarmType_AddComment,10554,Method
DiscreteAlarmType_AddComment_InputArguments,10555,Variable
DiscreteAlarmType_ConditionRefresh,10556,Method
DiscreteAlarmType_ConditionRefresh_InputArguments,10557,Variable
DiscreteAlarmType_AckedState,10558,Variable
DiscreteAlarmType_AckedState_Id,10559,Variable
DiscreteAlarmType_AckedState_Name,10560,Variable
DiscreteAlarmType_AckedState_Number,10561,Variable
DiscreteAlarmType_AckedState_EffectiveDisplayName,10562,Variable
DiscreteAlarmType_AckedState_TransitionTime,10563,Variable
DiscreteAlarmType_AckedState_EffectiveTransitionTime,10564,Variable
DiscreteAlarmType_AckedState_TrueState,10565,Variable
DiscreteAlarmType_AckedState_FalseState,10566,Variable
DiscreteAlarmType_ConfirmedState,10567,Variable
DiscreteAlarmType_ConfirmedState_Id,10568,Variable
DiscreteAlarmType_ConfirmedState_Name,10569,Variable
DiscreteAlarmType_ConfirmedState_Number,10570,Variable
DiscreteAlarmType_ConfirmedState_EffectiveDisplayName,10571,Variable
DiscreteAlarmType_ConfirmedState_TransitionTime,10572,Variable
DiscreteAlarmType_ConfirmedState_EffectiveTransitionTime,10573,Variable
DiscreteAlarmType_ConfirmedState_TrueState,10574,Variable
DiscreteAlarmType_ConfirmedState_FalseState,10575,Variable
DiscreteAlarmType_Acknowledge,10576,Method
DiscreteAlarmType_Acknowledge_InputArguments,10577,Variable
DiscreteAlarmType_Confirm,10578,Method
DiscreteAlarmType_Confirm_InputArguments,10579,Variable
DiscreteAlarmType_ActiveState,10580,Variable
DiscreteAlarmType_ActiveState_Id,10581,Variable
DiscreteAlarmType_ActiveState_Name,10582,Variable
DiscreteAlarmType_ActiveState_Number,10583,Variable
DiscreteAlarmType_ActiveState_EffectiveDisplayName,10584,Variable
DiscreteAlarmType_ActiveState_TransitionTime,10585,Variable
DiscreteAlarmType_ActiveState_EffectiveTransitionTime,10586,Variable
DiscreteAlarmType_ActiveState_TrueState,10587,Variable
DiscreteAlarmType_ActiveState_FalseState,10588,Variable
DiscreteAlarmType_SuppressedState,10589,Variable
DiscreteAlarmType_SuppressedState_Id,10590,Variable
DiscreteAlarmType_SuppressedState_Name,10591,Variable
DiscreteAlarmType_SuppressedState_Number,10592,Variable
DiscreteAlarmType_SuppressedState_EffectiveDisplayName,10593,Variable
DiscreteAlarmType_SuppressedState_TransitionTime,10594,Variable
DiscreteAlarmType_SuppressedState_EffectiveTransitionTime,10595,Variable
DiscreteAlarmType_SuppressedState_TrueState,10596,Variable
DiscreteAlarmType_SuppressedState_FalseState,10597,Variable
DiscreteAlarmType_ShelvingState,10598,Object
DiscreteAlarmType_ShelvingState_CurrentState,10599,Variable
DiscreteAlarmType_ShelvingState_CurrentState_Id,10600,Variable
DiscreteAlarmType_ShelvingState_CurrentState_Name,10601,Variable
DiscreteAlarmType_ShelvingState_CurrentState_Number,10602,Variable
DiscreteAlarmType_ShelvingState_CurrentState_EffectiveDisplayName,10603,Variable
DiscreteAlarmType_ShelvingState_LastTransition,10604,Variable
DiscreteAlarmType_ShelvingState_LastTransition_Id,10605,Variable
DiscreteAlarmType_ShelvingState_LastTransition_Name,10606,Variable
DiscreteAlarmType_ShelvingState_LastTransition_Number,10607,Variable
DiscreteAlarmType_ShelvingState_LastTransition_TransitionTime,10608,Variable
DiscreteAlarmType_ShelvingState_UnshelveTime,10609,Variable
DiscreteAlarmType_ShelvingState_Unshelve,10631,Method
DiscreteAlarmType_ShelvingState_OneShotShelve,10632,Method
DiscreteAlarmType_ShelvingState_TimedShelve,10633,Method
DiscreteAlarmType_ShelvingState_TimedShelve_InputArguments,10634,Variable
DiscreteAlarmType_SuppressedOrShelved,10635,Variable
DiscreteAlarmType_MaxTimeShelved,10636,Variable
OffNormalAlarmType,10637,ObjectType
OffNormalAlarmType_EventId,10638,Variable
OffNormalAlarmType_EventType,10639,Variable
OffNormalAlarmType_SourceNode,10640,Variable
OffNormalAlarmType_SourceName,10641,Variable
OffNormalAlarmType_Time,10642,Variable
OffNormalAlarmType_ReceiveTime,10643,Variable
OffNormalAlarmType_LocalTime,10644,Variable
OffNormalAlarmType_Message,10645,Variable
OffNormalAlarmType_Severity,10646,Variable
OffNormalAlarmType_ConditionName,10647,Variable
OffNormalAlarmType_BranchId,10648,Variable
OffNormalAlarmType_Retain,10649,Variable
OffNormalAlarmType_EnabledState,10650,Variable
OffNormalAlarmType_EnabledState_Id,10651,Variable
OffNormalAlarmType_EnabledState_Name,10652,Variable
OffNormalAlarmType_EnabledState_Number,10653,Variable
OffNormalAlarmType_EnabledState_EffectiveDisplayName,10654,Variable
OffNormalAlarmType_EnabledState_TransitionTime,10655,Variable
OffNormalAlarmType_EnabledState_EffectiveTransitionTime,10656,Variable
OffNormalAlarmType_EnabledState_TrueState,10657,Variable
OffNormalAlarmType_EnabledState_FalseState,10658,Variable
OffNormalAlarmType_Quality,10659,Variable
OffNormalAlarmType_Quality_SourceTimestamp,10660,Variable
OffNormalAlarmType_LastSeverity,10661,Variable
OffNormalAlarmType_LastSeverity_SourceTimestamp,10662,Variable
OffNormalAlarmType_Comment,10663,Variable
OffNormalAlarmType_Comment_SourceTimestamp,10664,Variable
OffNormalAlarmType_ClientUserId,10665,Variable
OffNormalAlarmType_Enable,10666,Method
OffNormalAlarmType_Disable,10667,Method
OffNormalAlarmType_AddComment,10668,Method
OffNormalAlarmType_AddComment_InputArguments,10669,Variable
OffNormalAlarmType_ConditionRefresh,10670,Method
OffNormalAlarmType_ConditionRefresh_InputArguments,10671,Variable
OffNormalAlarmType_AckedState,10672,Variable
OffNormalAlarmType_AckedState_Id,10673,Variable
OffNormalAlarmType_AckedState_Name,10674,Variable
OffNormalAlarmType_AckedState_Number,10675,Variable
OffNormalAlarmType_AckedState_EffectiveDisplayName,10676,Variable
OffNormalAlarmType_AckedState_TransitionTime,10677,Variable
OffNormalAlarmType_AckedState_EffectiveTransitionTime,10678,Variable
OffNormalAlarmType_AckedState_TrueState,10679,Variable
OffNormalAlarmType_AckedState_FalseState,10680,Variable
OffNormalAlarmType_ConfirmedState,10681,Variable
OffNormalAlarmType_ConfirmedState_Id,10682,Variable
OffNormalAlarmType_ConfirmedState_Name,10683,Variable
OffNormalAlarmType_ConfirmedState_Number,10684,Variable
OffNormalAlarmType_ConfirmedState_EffectiveDisplayName,10685,Variable
OffNormalAlarmType_ConfirmedState_TransitionTime,10686,Variable
OffNormalAlarmType_ConfirmedState_EffectiveTransitionTime,10687,Variable
OffNormalAlarmType_ConfirmedState_TrueState,10688,Variable
OffNormalAlarmType_ConfirmedState_FalseState,10689,Variable
OffNormalAlarmType_Acknowledge,10690,Method
OffNormalAlarmType_Acknowledge_InputArguments,10691,Variable
OffNormalAlarmType_Confirm,10692,Method
OffNormalAlarmType_Confirm_InputArguments,10693,Variable
OffNormalAlarmType_ActiveState,10694,Variable
OffNormalAlarmType_ActiveState_Id,10695,Variable
OffNormalAlarmType_ActiveState_Name,10696,Variable
OffNormalAlarmType_ActiveState_Number,10697,Variable
OffNormalAlarmType_ActiveState_EffectiveDisplayName,10698,Variable
OffNormalAlarmType_ActiveState_TransitionTime,10699,Variable
OffNormalAlarmType_ActiveState_EffectiveTransitionTime,10700,Variable
OffNormalAlarmType_ActiveState_TrueState,10701,Variable
OffNormalAlarmType_ActiveState_FalseState,10702,Variable
OffNormalAlarmType_SuppressedState,10703,Variable
OffNormalAlarmType_SuppressedState_Id,10704,Variable
OffNormalAlarmType_SuppressedState_Name,10705,Variable
OffNormalAlarmType_SuppressedState_Number,10706,Variable
OffNormalAlarmType_SuppressedState_EffectiveDisplayName,10707,Variable
OffNormalAlarmType_SuppressedState_TransitionTime,10708,Variable
OffNormalAlarmType_SuppressedState_EffectiveTransitionTime,10709,Variable
OffNormalAlarmType_SuppressedState_TrueState,10710,Variable
OffNormalAlarmType_SuppressedState_FalseState,10711,Variable
OffNormalAlarmType_ShelvingState,10712,Object
OffNormalAlarmType_ShelvingState_CurrentState,10713,Variable
OffNormalAlarmType_ShelvingState_CurrentState_Id,10714,Variable
OffNormalAlarmType_ShelvingState_CurrentState_Name,10715,Variable
OffNormalAlarmType_ShelvingState_CurrentState_Number,10716,Variable
OffNormalAlarmType_ShelvingState_CurrentState_EffectiveDisplayName,10717,Variable
OffNormalAlarmType_ShelvingState_LastTransition,10718,Variable
OffNormalAlarmType_ShelvingState_LastTransition_Id,10719,Variable
OffNormalAlarmType_ShelvingState_LastTransition_Name,10720,Variable
OffNormalAlarmType_ShelvingState_LastTransition_Number,10721,Variable
OffNormalAlarmType_ShelvingState_LastTransition_TransitionTime,10722,Variable
OffNormalAlarmType_ShelvingState_UnshelveTime,10723,Variable
OffNormalAlarmType_ShelvingState_Unshelve,10745,Method
OffNormalAlarmType_ShelvingState_OneShotShelve,10746,Method
OffNormalAlarmType_ShelvingState_TimedShelve,10747,Method
OffNormalAlarmType_ShelvingState_TimedShelve_InputArguments,10748,Variable
OffNormalAlarmType_SuppressedOrShelved,10749,Variable
OffNormalAlarmType_MaxTimeShelved,10750,Variable
TripAlarmType,10751,ObjectType
TripAlarmType_EventId,10752,Variable
TripAlarmType_EventType,10753,Variable
TripAlarmType_SourceNode,10754,Variable
TripAlarmType_SourceName,10755,Variable
TripAlarmType_Time,10756,Variable
TripAlarmType_ReceiveTime,10757,Variable
TripAlarmType_LocalTime,10758,Variable
TripAlarmType_Message,10759,Variable
TripAlarmType_Severity,10760,Variable
TripAlarmType_ConditionName,10761,Variable
TripAlarmType_BranchId,10762,Variable
TripAlarmType_Retain,10763,Variable
TripAlarmType_EnabledState,10764,Variable
TripAlarmType_EnabledState_Id,10765,Variable
TripAlarmType_EnabledState_Name,10766,Variable
TripAlarmType_EnabledState_Number,10767,Variable
TripAlarmType_EnabledState_EffectiveDisplayName,10768,Variable
TripAlarmType_EnabledState_TransitionTime,10769,Variable
TripAlarmType_EnabledState_EffectiveTransitionTime,10770,Variable
TripAlarmType_EnabledState_TrueState,10771,Variable
TripAlarmType_EnabledState_FalseState,10772,Variable
TripAlarmType_Quality,10773,Variable
TripAlarmType_Quality_SourceTimestamp,10774,Variable
TripAlarmType_LastSeverity,10775,Variable
TripAlarmType_LastSeverity_SourceTimestamp,10776,Variable
TripAlarmType_Comment,10777,Variable
TripAlarmType_Comment_SourceTimestamp,10778,Variable
TripAlarmType_ClientUserId,10779,Variable
TripAlarmType_Enable,10780,Method
TripAlarmType_Disable,10781,Method
TripAlarmType_AddComment,10782,Method
TripAlarmType_AddComment_InputArguments,10783,Variable
TripAlarmType_ConditionRefresh,10784,Method
TripAlarmType_ConditionRefresh_InputArguments,10785,Variable
TripAlarmType_AckedState,10786,Variable
TripAlarmType_AckedState_Id,10787,Variable
TripAlarmType_AckedState_Name,10788,Variable
TripAlarmType_AckedState_Number,10789,Variable
TripAlarmType_AckedState_EffectiveDisplayName,10790,Variable
TripAlarmType_AckedState_TransitionTime,10791,Variable
TripAlarmType_AckedState_EffectiveTransitionTime,10792,Variable
TripAlarmType_AckedState_TrueState,10793,Variable
TripAlarmType_AckedState_FalseState,10794,Variable
TripAlarmType_ConfirmedState,10795,Variable
TripAlarmType_ConfirmedState_Id,10796,Variable
TripAlarmType_ConfirmedState_Name,10797,Variable
TripAlarmType_ConfirmedState_Number,10798,Variable
TripAlarmType_ConfirmedState_EffectiveDisplayName,10799,Variable
TripAlarmType_ConfirmedState_TransitionTime,10800,Variable
TripAlarmType_ConfirmedState_EffectiveTransitionTime,10801,Variable
TripAlarmType_ConfirmedState_TrueState,10802,Variable
TripAlarmType_ConfirmedState_FalseState,10803,Variable
TripAlarmType_Acknowledge,10804,Method
TripAlarmType_Acknowledge_InputArguments,10805,Variable
TripAlarmType_Confirm,10806,Method
TripAlarmType_Confirm_InputArguments,10807,Variable
TripAlarmType_ActiveState,10808,Variable
TripAlarmType_ActiveState_Id,10809,Variable
TripAlarmType_ActiveState_Name,10810,Variable
TripAlarmType_ActiveState_Number,10811,Variable
TripAlarmType_ActiveState_EffectiveDisplayName,10812,Variable
TripAlarmType_ActiveState_TransitionTime,10813,Variable
TripAlarmType_ActiveState_EffectiveTransitionTime,10814,Variable
TripAlarmType_ActiveState_TrueState,10815,Variable
TripAlarmType_ActiveState_FalseState,10816,Variable
TripAlarmType_SuppressedState,10817,Variable
TripAlarmType_SuppressedState_Id,10818,Variable
TripAlarmType_SuppressedState_Name,10819,Variable
TripAlarmType_SuppressedState_Number,10820,Variable
TripAlarmType_SuppressedState_EffectiveDisplayName,10821,Variable
TripAlarmType_SuppressedState_TransitionTime,10822,Variable
TripAlarmType_SuppressedState_EffectiveTransitionTime,10823,Variable
TripAlarmType_SuppressedState_TrueState,10824,Variable
TripAlarmType_SuppressedState_FalseState,10825,Variable
TripAlarmType_ShelvingState,10826,Object
TripAlarmType_ShelvingState_CurrentState,10827,Variable
TripAlarmType_ShelvingState_CurrentState_Id,10828,Variable
TripAlarmType_ShelvingState_CurrentState_Name,10829,Variable
TripAlarmType_ShelvingState_CurrentState_Number,10830,Variable
TripAlarmType_ShelvingState_CurrentState_EffectiveDisplayName,10831,Variable
TripAlarmType_ShelvingState_LastTransition,10832,Variable
TripAlarmType_ShelvingState_LastTransition_Id,10833,Variable
TripAlarmType_ShelvingState_LastTransition_Name,10834,Variable
TripAlarmType_ShelvingState_LastTransition_Number,10835,Variable
TripAlarmType_ShelvingState_LastTransition_TransitionTime,10836,Variable
TripAlarmType_ShelvingState_UnshelveTime,10837,Variable
TripAlarmType_ShelvingState_Unshelve,10859,Method
TripAlarmType_ShelvingState_OneShotShelve,10860,Method
TripAlarmType_ShelvingState_TimedShelve,10861,Method
TripAlarmType_ShelvingState_TimedShelve_InputArguments,10862,Variable
TripAlarmType_SuppressedOrShelved,10863,Variable
TripAlarmType_MaxTimeShelved,10864,Variable
AuditConditionShelvingEventType,11093,ObjectType
AuditConditionShelvingEventType_EventId,11094,Variable
AuditConditionShelvingEventType_EventType,11095,Variable
AuditConditionShelvingEventType_SourceNode,11096,Variable
AuditConditionShelvingEventType_SourceName,11097,Variable
AuditConditionShelvingEventType_Time,11098,Variable
AuditConditionShelvingEventType_ReceiveTime,11099,Variable
AuditConditionShelvingEventType_LocalTime,11100,Variable
AuditConditionShelvingEventType_Message,11101,Variable
AuditConditionShelvingEventType_Severity,11102,Variable
AuditConditionShelvingEventType_ActionTimeStamp,11103,Variable
AuditConditionShelvingEventType_Status,11104,Variable
AuditConditionShelvingEventType_ServerId,11105,Variable
AuditConditionShelvingEventType_ClientAuditEntryId,11106,Variable
AuditConditionShelvingEventType_ClientUserId,11107,Variable
AuditConditionShelvingEventType_MethodId,11108,Variable
AuditConditionShelvingEventType_InputArguments,11109,Variable
TwoStateVariableType_TrueState,11110,Variable
TwoStateVariableType_FalseState,11111,Variable
ConditionType_ConditionClassId,11112,Variable
ConditionType_ConditionClassName,11113,Variable
DialogConditionType_ConditionClassId,11114,Variable
DialogConditionType_ConditionClassName,11115,Variable
AcknowledgeableConditionType_ConditionClassId,11116,Variable
AcknowledgeableConditionType_ConditionClassName,11117,Variable
AlarmConditionType_ConditionClassId,11118,Variable
AlarmConditionType_ConditionClassName,11119,Variable
AlarmConditionType_InputNode,11120,Variable
LimitAlarmType_ConditionClassId,11121,Variable
LimitAlarmType_ConditionClassName,11122,Variable
LimitAlarmType_InputNode,11123,Variable
LimitAlarmType_HighHighLimit,11124,Variable
LimitAlarmType_HighLimit,11125,Variable
LimitAlarmType_LowLimit,11126,Variable
LimitAlarmType_LowLowLimit,11127,Variable
ExclusiveLimitAlarmType_ConditionClassId,11128,Variable
ExclusiveLimitAlarmType_ConditionClassName,11129,Variable
ExclusiveLimitAlarmType_InputNode,11130,Variable
ExclusiveLevelAlarmType_ConditionClassId,11131,Variable
ExclusiveLevelAlarmType_ConditionClassName,11132,Variable
ExclusiveLevelAlarmType_InputNode,11133,Variable
ExclusiveRateOfChangeAlarmType_ConditionClassId,11134,Variable
ExclusiveRateOfChangeAlarmType_ConditionClassName,11135,Variable
ExclusiveRateOfChangeAlarmType_InputNode,11136,Variable
ExclusiveDeviationAlarmType_ConditionClassId,11137,Variable
ExclusiveDeviationAlarmType_ConditionClassName,11138,Variable
ExclusiveDeviationAlarmType_InputNode,11139,Variable
NonExclusiveLimitAlarmType_ConditionClassId,11140,Variable
NonExclusiveLimitAlarmType_ConditionClassName,11141,Variable
NonExclusiveLimitAlarmType_InputNode,11142,Variable
NonExclusiveLevelAlarmType_ConditionClassId,11143,Variable
NonExclusiveLevelAlarmType_ConditionClassName,11144,Variable
NonExclusiveLevelAlarmType_InputNode,11145,Variable
NonExclusiveRateOfChangeAlarmType_ConditionClassId,11146,Variable
NonExclusiveRateOfChangeAlarmType_ConditionClassName,11147,Variable
NonExclusiveRateOfChangeAlarmType_InputNode,11148,Variable
NonExclusiveDeviationAlarmType_ConditionClassId,11149,Variable
NonExclusiveDeviationAlarmType_ConditionClassName,11150,Variable
NonExclusiveDeviationAlarmType_InputNode,11151,Variable
DiscreteAlarmType_ConditionClassId,11152,Variable
DiscreteAlarmType_ConditionClassName,11153,Variable
DiscreteAlarmType_InputNode,11154,Variable
OffNormalAlarmType_ConditionClassId,11155,Variable
OffNormalAlarmType_ConditionClassName,11156,Variable
OffNormalAlarmType_InputNode,11157,Variable
OffNormalAlarmType_NormalState,11158,Variable
TripAlarmType_ConditionClassId,11159,Variable
TripAlarmType_ConditionClassName,11160,Variable
TripAlarmType_InputNode,11161,Variable
TripAlarmType_NormalState,11162,Variable
BaseConditionClassType,11163,ObjectType
ProcessConditionClassType,11164,ObjectType
MaintenanceConditionClassType,11165,ObjectType
SystemConditionClassType,11166,ObjectType
HistoricalDataConfigurationType_AggregateConfiguration_TreatUncertainAsBad,11168,Variable
HistoricalDataConfigurationType_AggregateConfiguration_PercentDataBad,11169,Variable
HistoricalDataConfigurationType_AggregateConfiguration_PercentDataGood,11170,Variable
HistoricalDataConfigurationType_AggregateConfiguration_UseSlopedExtrapolation,11171,Variable
HistoryServerCapabilitiesType_AggregateFunctions,11172,Object
AggregateConfigurationType,11187,ObjectType
AggregateConfigurationType_TreatUncertainAsBad,11188,Variable
AggregateConfigurationType_PercentDataBad,11189,Variable
AggregateConfigurationType_PercentDataGood,11190,Variable
AggregateConfigurationType_UseSlopedExtrapolation,11191,Variable
HistoryServerCapabilities,11192,Object
HistoryServerCapabilities_AccessHistoryDataCapability,11193,Variable
HistoryServerCapabilities_InsertDataCapability,11196,Variable
HistoryServerCapabilities_ReplaceDataCapability,11197,Variable
HistoryServerCapabilities_UpdateDataCapability,11198,Variable
HistoryServerCapabilities_DeleteRawCapability,11199,Variable
HistoryServerCapabilities_DeleteAtTimeCapability,11200,Variable
HistoryServerCapabilities_AggregateFunctions,11201,Object
HAConfiguration,11202,Object
HAConfiguration_AggregateConfiguration,11203,Object
HAConfiguration_AggregateConfiguration_TreatUncertainAsBad,11204,Variable
HAConfiguration_AggregateConfiguration_PercentDataBad,11205,Variable
HAConfiguration_AggregateConfiguration_PercentDataGood,11206,Variable
HAConfiguration_AggregateConfiguration_UseSlopedExtrapolation,11207,Variable
HAConfiguration_Stepped,11208,Variable
HAConfiguration_Definition,11209,Variable
HAConfiguration_MaxTimeInterval,11210,Variable
HAConfiguration_MinTimeInterval,11211,Variable
HAConfiguration_ExceptionDeviation,11212,Variable
HAConfiguration_ExceptionDeviationFormat,11213,Variable
Annotations,11214,Variable
HistoricalEventFilter,11215,Variable
ModificationInfo,11216,DataType
HistoryModifiedData,11217,DataType
ModificationInfo_Encoding_DefaultXml,11218,Object
HistoryModifiedData_Encoding_DefaultXml,11219,Object
ModificationInfo_Encoding_DefaultBinary,11226,Object
HistoryModifiedData_Encoding_DefaultBinary,11227,Object
HistoryUpdateType,11234,DataType
MultiStateValueDiscreteType,11238,VariableType
MultiStateValueDiscreteType_Definition,11239,Variable
MultiStateValueDiscreteType_ValuePrecision,11240,Variable
MultiStateValueDiscreteType_EnumValues,11241,Variable
HistoryServerCapabilities_AccessHistoryEventsCapability,11242,Variable
HistoryServerCapabilitiesType_MaxReturnDataValues,11268,Variable
HistoryServerCapabilitiesType_MaxReturnEventValues,11269,Variable
HistoryServerCapabilitiesType_InsertAnnotationCapability,11270,Variable
HistoryServerCapabilities_MaxReturnDataValues,11273,Variable
HistoryServerCapabilities_MaxReturnEventValues,11274,Variable
HistoryServerCapabilities_InsertAnnotationCapability,11275,Variable
HistoryServerCapabilitiesType_InsertEventCapability,11278,Variable
HistoryServerCapabilitiesType_ReplaceEventCapability,11279,Variable
HistoryServerCapabilitiesType_UpdateEventCapability,11280,Variable
HistoryServerCapabilities_InsertEventCapability,11281,Variable
HistoryServerCapabilities_ReplaceEventCapability,11282,Variable
HistoryServerCapabilities_UpdateEventCapability,11283,Variable
AggregateFunction_TimeAverage2,11285,Object
AggregateFunction_Minimum2,11286,Object
AggregateFunction_Maximum2,11287,Object
AggregateFunction_Range2,11288,Object
AggregateFunction_WorstQuality2,11292,Object
PerformUpdateType,11293,DataType
UpdateStructureDataDetails,11295,DataType
UpdateStructureDataDetails_Encoding_DefaultXml,11296,Object
UpdateStructureDataDetails_Encoding_DefaultBinary,11300,Object
AggregateFunction_Total2,11304,Object
AggregateFunction_MinimumActualTime2,11305,Object
AggregateFunction_MaximumActualTime2,11306,Object
AggregateFunction_DurationInStateZero,11307,Object
AggregateFunction_DurationInStateNonZero,11308,Object
Server_ServerRedundancy_CurrentServerId,11312,Variable
Server_ServerRedundancy_RedundantServerArray,11313,Variable
Server_ServerRedundancy_ServerUriArray,11314,Variable
ShelvedStateMachineType_UnshelvedToTimedShelved_TransitionNumber,11322,Variable
ShelvedStateMachineType_UnshelvedToOneShotShelved_TransitionNumber,11323,Variable
ShelvedStateMachineType_TimedShelvedToUnshelved_TransitionNumber,11324,Variable
ShelvedStateMachineType_TimedShelvedToOneShotShelved_TransitionNumber,11325,Variable
ShelvedStateMachineType_OneShotShelvedToUnshelved_TransitionNumber,11326,Variable
ShelvedStateMachineType_OneShotShelvedToTimedShelved_TransitionNumber,11327,Variable
ExclusiveLimitStateMachineType_LowLowToLow_TransitionNumber,11340,Variable
ExclusiveLimitStateMachineType_LowToLowLow_TransitionNumber,11341,Variable
ExclusiveLimitStateMachineType_HighHighToHigh_TransitionNumber,11342,Variable
ExclusiveLimitStateMachineType_HighToHighHigh_TransitionNumber,11343,Variable
AggregateFunction_StandardDeviationSample,11426,Object
AggregateFunction_StandardDeviationPopulation,11427,Object
AggregateFunction_VarianceSample,11428,Object
AggregateFunction_VariancePopulation,11429,Object
EnumStrings,11432,Variable
ValueAsText,11433,Variable
ProgressEventType,11436,ObjectType
ProgressEventType_EventId,11437,Variable
ProgressEventType_EventType,11438,Variable
ProgressEventType_SourceNode,11439,Variable
ProgressEventType_SourceName,11440,Variable
ProgressEventType_Time,11441,Variable
ProgressEventType_ReceiveTime,11442,Variable
ProgressEventType_LocalTime,11443,Variable
ProgressEventType_Message,11444,Variable
ProgressEventType_Severity,11445,Variable
SystemStatusChangeEventType,11446,ObjectType
SystemStatusChangeEventType_EventId,11447,Variable
SystemStatusChangeEventType_EventType,11448,Variable
SystemStatusChangeEventType_SourceNode,11449,Variable
SystemStatusChangeEventType_SourceName,11450,Variable
SystemStatusChangeEventType_Time,11451,Variable
SystemStatusChangeEventType_ReceiveTime,11452,Variable
SystemStatusChangeEventType_LocalTime,11453,Variable
SystemStatusChangeEventType_Message,11454,Variable
SystemStatusChangeEventType_Severity,11455,Variable
TransitionVariableType_EffectiveTransitionTime,11456,Variable
FiniteTransitionVariableType_EffectiveTransitionTime,11457,Variable
StateMachineType_LastTransition_EffectiveTransitionTime,11458,Variable
FiniteStateMachineType_LastTransition_EffectiveTransitionTime,11459,Variable
TransitionEventType_Transition_EffectiveTransitionTime,11460,Variable
MultiStateValueDiscreteType_ValueAsText,11461,Variable
ProgramTransitionEventType_Transition_EffectiveTransitionTime,11462,Variable
ProgramTransitionAuditEventType_Transition_EffectiveTransitionTime,11463,Variable
ProgramStateMachineType_LastTransition_EffectiveTransitionTime,11464,Variable
ShelvedStateMachineType_LastTransition_EffectiveTransitionTime,11465,Variable
AlarmConditionType_ShelvingState_LastTransition_EffectiveTransitionTime,11466,Variable
LimitAlarmType_ShelvingState_LastTransition_EffectiveTransitionTime,11467,Variable
ExclusiveLimitStateMachineType_LastTransition_EffectiveTransitionTime,11468,Variable
ExclusiveLimitAlarmType_ShelvingState_LastTransition_EffectiveTransitionTime,11469,Variable
ExclusiveLimitAlarmType_LimitState_LastTransition_EffectiveTransitionTime,11470,Variable
ExclusiveLevelAlarmType_ShelvingState_LastTransition_EffectiveTransitionTime,11471,Variable
ExclusiveLevelAlarmType_LimitState_LastTransition_EffectiveTransitionTime,11472,Variable
ExclusiveRateOfChangeAlarmType_ShelvingState_LastTransition_EffectiveTransitionTime,11473,Variable
ExclusiveRateOfChangeAlarmType_LimitState_LastTransition_EffectiveTransitionTime,11474,Variable
ExclusiveDeviationAlarmType_ShelvingState_LastTransition_EffectiveTransitionTime,11475,Variable
ExclusiveDeviationAlarmType_LimitState_LastTransition_EffectiveTransitionTime,11476,Variable
NonExclusiveLimitAlarmType_ShelvingState_LastTransition_EffectiveTransitionTime,11477,Variable
NonExclusiveLevelAlarmType_ShelvingState_LastTransition_EffectiveTransitionTime,11478,Variable
NonExclusiveRateOfChangeAlarmType_ShelvingState_LastTransition_EffectiveTransitionTime,11479,Variable
NonExclusiveDeviationAlarmType_ShelvingState_LastTransition_EffectiveTransitionTime,11480,Variable
DiscreteAlarmType_ShelvingState_LastTransition_EffectiveTransitionTime,11481,Variable
OffNormalAlarmType_ShelvingState_LastTransition_EffectiveTransitionTime,11482,Variable
TripAlarmType_ShelvingState_LastTransition_EffectiveTransitionTime,11483,Variable
AuditActivateSessionEventType_SecureChannelId,11485,Variable
OptionSetType,11487,VariableType
OptionSetType_OptionSetValues,11488,Variable
ServerType_GetMonitoredItems,11489,Method
ServerType_GetMonitoredItems_InputArguments,11490,Variable
ServerType_GetMonitoredItems_OutputArguments,11491,Variable
Server_GetMonitoredItems,11492,Method
Server_GetMonitoredItems_InputArguments,11493,Variable
Server_GetMonitoredItems_OutputArguments,11494,Variable
GetMonitoredItemsMethodType,11495,Method
GetMonitoredItemsMethodType_InputArguments,11496,Variable
GetMonitoredItemsMethodType_OutputArguments,11497,Variable
MaxStringLength,11498,Variable
HistoricalDataConfigurationType_StartOfArchive,11499,Variable
HistoricalDataConfigurationType_StartOfOnlineArchive,11500,Variable
HistoryServerCapabilitiesType_DeleteEventCapability,11501,Variable
HistoryServerCapabilities_DeleteEventCapability,11502,Variable
HAConfiguration_StartOfArchive,11503,Variable
HAConfiguration_StartOfOnlineArchive,11504,Variable
AggregateFunction_StartBound,11505,Object
AggregateFunction_EndBound,11506,Object
AggregateFunction_DeltaBounds,11507,Object
ModellingRule_OptionalPlaceholder,11508,Object
ModellingRule_OptionalPlaceholder_NamingRule,11509,Variable
ModellingRule_MandatoryPlaceholder,11510,Object
ModellingRule_MandatoryPlaceholder_NamingRule,11511,Variable
MaxArrayLength,11512,Variable
EngineeringUnits,11513,Variable
ServerType_ServerCapabilities_MaxArrayLength,11514,Variable
ServerType_ServerCapabilities_MaxStringLength,11515,Variable
ServerType_ServerCapabilities_OperationLimits,11516,Object
ServerType_ServerCapabilities_OperationLimits_MaxNodesPerRead,11517,Variable
ServerType_ServerCapabilities_OperationLimits_MaxNodesPerWrite,11519,Variable
ServerType_ServerCapabilities_OperationLimits_MaxNodesPerMethodCall,11521,Variable
ServerType_ServerCapabilities_OperationLimits_MaxNodesPerBrowse,11522,Variable
ServerType_ServerCapabilities_OperationLimits_MaxNodesPerRegisterNodes,11523,Variable
ServerType_ServerCapabilities_OperationLimits_MaxNodesPerTranslateBrowsePathsToNodeIds,11524,Variable
ServerType_ServerCapabilities_OperationLimits_MaxNodesPerNodeManagement,11525,Variable
ServerType_ServerCapabilities_OperationLimits_MaxMonitoredItemsPerCall,11526,Variable
ServerType_Namespaces,11527,Object
ServerType_Namespaces_AddressSpaceFile,11528,Object
ServerType_Namespaces_AddressSpaceFile_Size,11529,Variable
ServerType_Namespaces_AddressSpaceFile_OpenCount,11532,Variable
ServerType_Namespaces_AddressSpaceFile_Open,11533,Method
ServerType_Namespaces_AddressSpaceFile_Open_InputArguments,11534,Variable
ServerType_Namespaces_AddressSpaceFile_Open_OutputArguments,11535,Variable
ServerType_Namespaces_AddressSpaceFile_Close,11536,Method
ServerType_Namespaces_AddressSpaceFile_Close_InputArguments,11537,Variable
ServerType_Namespaces_AddressSpaceFile_Read,11538,Method
ServerType_Namespaces_AddressSpaceFile_Read_InputArguments,11539,Variable
ServerType_Namespaces_AddressSpaceFile_Read_OutputArguments,11540,Variable
ServerType_Namespaces_AddressSpaceFile_Write,11541,Method
ServerType_Namespaces_AddressSpaceFile_Write_InputArguments,11542,Variable
ServerType_Namespaces_AddressSpaceFile_GetPosition,11543,Method
ServerType_Namespaces_AddressSpaceFile_GetPosition_InputArguments,11544,Variable
ServerType_Namespaces_AddressSpaceFile_GetPosition_OutputArguments,11545,Variable
ServerType_Namespaces_AddressSpaceFile_SetPosition,11546,Method
ServerType_Namespaces_AddressSpaceFile_SetPosition_InputArguments,11547,Variable
ServerType_Namespaces_AddressSpaceFile_ExportNamespace,11548,Method
ServerCapabilitiesType_MaxArrayLength,11549,Variable
ServerCapabilitiesType_MaxStringLength,11550,Variable
ServerCapabilitiesType_OperationLimits,11551,Object
ServerCapabilitiesType_OperationLimits_MaxNodesPerRead,11552,Variable
ServerCapabilitiesType_OperationLimits_MaxNodesPerWrite,11554,Variable
ServerCapabilitiesType_OperationLimits_MaxNodesPerMethodCall,11556,Variable
ServerCapabilitiesType_OperationLimits_MaxNodesPerBrowse,11557,Variable
ServerCapabilitiesType_OperationLimits_MaxNodesPerRegisterNodes,11558,Variable
ServerCapabilitiesType_OperationLimits_MaxNodesPerTranslateBrowsePathsToNodeIds,11559,Variable
ServerCapabilitiesType_OperationLimits_MaxNodesPerNodeManagement,11560,Variable
ServerCapabilitiesType_OperationLimits_MaxMonitoredItemsPerCall,11561,Variable
ServerCapabilitiesType_VendorCapability,11562,Variable
OperationLimitsType,11564,ObjectType
OperationLimitsType_MaxNodesPerRead,11565,Variable
OperationLimitsType_MaxNodesPerWrite,11567,Variable
OperationLimitsType_MaxNodesPerMethodCall,11569,Variable
OperationLimitsType_MaxNodesPerBrowse,11570,Variable
OperationLimitsType_MaxNodesPerRegisterNodes,11571,Variable
OperationLimitsType_MaxNodesPerTranslateBrowsePathsToNodeIds,11572,Variable
OperationLimitsType_MaxNodesPerNodeManagement,11573,Variable
OperationLimitsType_MaxMonitoredItemsPerCall,11574,Variable
FileType,11575,ObjectType
FileType_Size,11576,Variable
FileType_OpenCount,11579,Variable
FileType_Open,11580,Method
FileType_Open_InputArguments,11581,Variable
FileType_Open_OutputArguments,11582,Variable
FileType_Close,11583,Method
FileType_Close_InputArguments,11584,Variable
FileType_Read,11585,Method
FileType_Read_InputArguments,11586,Variable
FileType_Read_OutputArguments,11587,Variable
FileType_Write,11588,Method
FileType_Write_InputArguments,11589,Variable
FileType_GetPosition,11590,Method
FileType_GetPosition_InputArguments,11591,Variable
FileType_GetPosition_OutputArguments,11592,Variable
FileType_SetPosition,11593,Method
FileType_SetPosition_InputArguments,11594,Variable
AddressSpaceFileType,11595,ObjectType
AddressSpaceFileType_Size,11596,Variable
AddressSpaceFileType_OpenCount,11599,Variable
AddressSpaceFileType_Open,11600,Method
AddressSpaceFileType_Open_InputArguments,11601,Variable
AddressSpaceFileType_Open_OutputArguments,11602,Variable
AddressSpaceFileType_Close,11603,Method
AddressSpaceFileType_Close_InputArguments,11604,Variable
AddressSpaceFileType_Read,11605,Method
AddressSpaceFileType_Read_InputArguments,11606,Variable
AddressSpaceFileType_Read_OutputArguments,11607,Variable
AddressSpaceFileType_Write,11608,Method
AddressSpaceFileType_Write_InputArguments,11609,Variable
AddressSpaceFileType_GetPosition,11610,Method
AddressSpaceFileType_GetPosition_InputArguments,11611,Variable
AddressSpaceFileType_GetPosition_OutputArguments,11612,Variable
AddressSpaceFileType_SetPosition,11613,Method
AddressSpaceFileType_SetPosition_InputArguments,11614,Variable
AddressSpaceFileType_ExportNamespace,11615,Method
NamespaceMetadataType,11616,ObjectType
NamespaceMetadataType_NamespaceUri,11617,Variable
NamespaceMetadataType_NamespaceVersion,11618,Variable
NamespaceMetadataType_NamespacePublicationDate,11619,Variable
NamespaceMetadataType_IsNamespaceSubset,11620,Variable
NamespaceMetadataType_StaticNodeIdIdentifierTypes,11621,Variable
NamespaceMetadataType_StaticNumericNodeIdRange,11622,Variable
NamespaceMetadataType_StaticStringNodeIdPattern,11623,Variable
NamespaceMetadataType_NamespaceFile,11624,Object
NamespaceMetadataType_NamespaceFile_Size,11625,Variable
NamespaceMetadataType_NamespaceFile_OpenCount,11628,Variable
NamespaceMetadataType_NamespaceFile_Open,11629,Method
NamespaceMetadataType_NamespaceFile_Open_InputArguments,11630,Variable
NamespaceMetadataType_NamespaceFile_Open_OutputArguments,11631,Variable
NamespaceMetadataType_NamespaceFile_Close,11632,Method
NamespaceMetadataType_NamespaceFile_Close_InputArguments,11633,Variable
NamespaceMetadataType_NamespaceFile_Read,11634,Method
NamespaceMetadataType_NamespaceFile_Read_InputArguments,11635,Variable
NamespaceMetadataType_NamespaceFile_Read_OutputArguments,11636,Variable
NamespaceMetadataType_NamespaceFile_Write,11637,Method
NamespaceMetadataType_NamespaceFile_Write_InputArguments,11638,Variable
NamespaceMetadataType_NamespaceFile_GetPosition,11639,Method
NamespaceMetadataType_NamespaceFile_GetPosition_InputArguments,11640,Variable
NamespaceMetadataType_NamespaceFile_GetPosition_OutputArguments,11641,Variable
NamespaceMetadataType_NamespaceFile_SetPosition,11642,Method
NamespaceMetadataType_NamespaceFile_SetPosition_InputArguments,11643,Variable
NamespaceMetadataType_NamespaceFile_ExportNamespace,11644,Method
NamespacesType,11645,ObjectType
NamespacesType_NamespaceIdentifier,11646,Object
NamespacesType_NamespaceIdentifier_NamespaceUri,11647,Variable
NamespacesType_NamespaceIdentifier_NamespaceVersion,11648,Variable
NamespacesType_NamespaceIdentifier_NamespacePublicationDate,11649,Variable
NamespacesType_NamespaceIdentifier_IsNamespaceSubset,11650,Variable
NamespacesType_NamespaceIdentifier_StaticNodeIdIdentifierTypes,11651,Variable
NamespacesType_NamespaceIdentifier_StaticNumericNodeIdRange,11652,Variable
NamespacesType_NamespaceIdentifier_StaticStringNodeIdPattern,11653,Variable
NamespacesType_NamespaceIdentifier_NamespaceFile,11654,Object
NamespacesType_NamespaceIdentifier_NamespaceFile_Size,11655,Variable
NamespacesType_NamespaceIdentifier_NamespaceFile_OpenCount,11658,Variable
NamespacesType_NamespaceIdentifier_NamespaceFile_Open,11659,Method
NamespacesType_NamespaceIdentifier_NamespaceFile_Open_InputArguments,11660,Variable
NamespacesType_NamespaceIdentifier_NamespaceFile_Open_OutputArguments,11661,Variable
NamespacesType_NamespaceIdentifier_NamespaceFile_Close,11662,Method
NamespacesType_NamespaceIdentifier_NamespaceFile_Close_InputArguments,11663,Variable
NamespacesType_NamespaceIdentifier_NamespaceFile_Read,11664,Method
NamespacesType_NamespaceIdentifier_NamespaceFile_Read_InputArguments,11665,Variable
NamespacesType_NamespaceIdentifier_NamespaceFile_Read_OutputArguments,11666,Variable
NamespacesType_NamespaceIdentifier_NamespaceFile_Write,11667,Method
NamespacesType_NamespaceIdentifier_NamespaceFile_Write_InputArguments,11668,Variable
NamespacesType_NamespaceIdentifier_NamespaceFile_GetPosition,11669,Method
NamespacesType_NamespaceIdentifier_NamespaceFile_GetPosition_InputArguments,11670,Variable
NamespacesType_NamespaceIdentifier_NamespaceFile_GetPosition_OutputArguments,11671,Variable
NamespacesType_NamespaceIdentifier_NamespaceFile_SetPosition,11672,Method
NamespacesType_NamespaceIdentifier_NamespaceFile_SetPosition_InputArguments,11673,Variable
NamespacesType_NamespaceIdentifier_NamespaceFile_ExportNamespace,11674,Method
NamespacesType_AddressSpaceFile,11675,Object
NamespacesType_AddressSpaceFile_Size,11676,Variable
NamespacesType_AddressSpaceFile_OpenCount,11679,Variable
NamespacesType_AddressSpaceFile_Open,11680,Method
NamespacesType_AddressSpaceFile_Open_InputArguments,11681,Variable
NamespacesType_AddressSpaceFile_Open_OutputArguments,11682,Variable
NamespacesType_AddressSpaceFile_Close,11683,Method
NamespacesType_AddressSpaceFile_Close_InputArguments,11684,Variable
NamespacesType_AddressSpaceFile_Read,11685,Method
NamespacesType_AddressSpaceFile_Read_InputArguments,11686,Variable
NamespacesType_AddressSpaceFile_Read_OutputArguments,11687,Variable
NamespacesType_AddressSpaceFile_Write,11688,Method
NamespacesType_AddressSpaceFile_Write_InputArguments,11689,Variable
NamespacesType_AddressSpaceFile_GetPosition,11690,Method
NamespacesType_AddressSpaceFile_GetPosition_InputArguments,11691,Variable
NamespacesType_AddressSpaceFile_GetPosition_OutputArguments,11692,Variable
NamespacesType_AddressSpaceFile_SetPosition,11693,Method
NamespacesType_AddressSpaceFile_SetPosition_InputArguments,11694,Variable
NamespacesType_AddressSpaceFile_ExportNamespace,11695,Method
SystemStatusChangeEventType_SystemState,11696,Variable
SamplingIntervalDiagnosticsType_SampledMonitoredItemsCount,11697,Variable
SamplingIntervalDiagnosticsType_MaxSampledMonitoredItemsCount,11698,Variable
SamplingIntervalDiagnosticsType_DisabledMonitoredItemsSamplingCount,11699,Variable
OptionSetType_BitMask,11701,Variable
Server_ServerCapabilities_MaxArrayLength,11702,Variable
Server_ServerCapabilities_MaxStringLength,11703,Variable
Server_ServerCapabilities_OperationLimits,11704,Object
Server_ServerCapabilities_OperationLimits_MaxNodesPerRead,11705,Variable
Server_ServerCapabilities_OperationLimits_MaxNodesPerWrite,11707,Variable
Server_ServerCapabilities_OperationLimits_MaxNodesPerMethodCall,11709,Variable
Server_ServerCapabilities_OperationLimits_MaxNodesPerBrowse,11710,Variable
Server_ServerCapabilities_OperationLimits_MaxNodesPerRegisterNodes,11711,Variable
Server_ServerCapabilities_OperationLimits_MaxNodesPerTranslateBrowsePathsToNodeIds,11712,Variable
Server_ServerCapabilities_OperationLimits_MaxNodesPerNodeManagement,11713,Variable
Server_ServerCapabilities_OperationLimits_MaxMonitoredItemsPerCall,11714,Variable
Server_Namespaces,11715,Object
Server_Namespaces_AddressSpaceFile,11716,Object
Server_Namespaces_AddressSpaceFile_Size,11717,Variable
Server_Namespaces_AddressSpaceFile_OpenCount,11720,Variable
Server_Namespaces_AddressSpaceFile_Open,11721,Method
Server_Namespaces_AddressSpaceFile_Open_InputArguments,11722,Variable
Server_Namespaces_AddressSpaceFile_Open_OutputArguments,11723,Variable
Server_Namespaces_AddressSpaceFile_Close,11724,Method
Server_Namespaces_AddressSpaceFile_Close_InputArguments,11725,Variable
Server_Namespaces_AddressSpaceFile_Read,11726,Method
Server_Namespaces_AddressSpaceFile_Read_InputArguments,11727,Variable
Server_Namespaces_AddressSpaceFile_Read_OutputArguments,11728,Variable
Server_Namespaces_AddressSpaceFile_Write,11729,Method
Server_Namespaces_AddressSpaceFile_Write_InputArguments,11730,Variable
Server_Namespaces_AddressSpaceFile_GetPosition,11731,Method
Server_Namespaces_AddressSpaceFile_GetPosition_InputArguments,11732,Variable
Server_Namespaces_AddressSpaceFile_GetPosition_OutputArguments,11733,Variable
Server_Namespaces_AddressSpaceFile_SetPosition,11734,Method
Server_Namespaces_AddressSpaceFile_SetPosition_InputArguments,11735,Variable
Server_Namespaces_AddressSpaceFile_ExportNamespace,11736,Method
BitFieldMaskDataType,11737,DataType
OpenMethodType,11738,Method
OpenMethodType_InputArguments,11739,Variable
OpenMethodType_OutputArguments,11740,Variable
CloseMethodType,11741,Method
CloseMethodType_InputArguments,11742,Variable
ReadMethodType,11743,Method
ReadMethodType_InputArguments,11744,Variable
ReadMethodType_OutputArguments,11745,Variable
WriteMethodType,11746,Method
WriteMethodType_InputArguments,11747,Variable
GetPositionMethodType,11748,Method
GetPositionMethodType_InputArguments,11749,Variable
GetPositionMethodType_OutputArguments,11750,Variable
SetPositionMethodType,11751,Method
SetPositionMethodType_InputArguments,11752,Variable
SystemOffNormalAlarmType,11753,ObjectType
SystemOffNormalAlarmType_EventId,11754,Variable
SystemOffNormalAlarmType_EventType,11755,Variable
SystemOffNormalAlarmType_SourceNode,11756,Variable
SystemOffNormalAlarmType_SourceName,11757,Variable
SystemOffNormalAlarmType_Time,11758,Variable
SystemOffNormalAlarmType_ReceiveTime,11759,Variable
SystemOffNormalAlarmType_LocalTime,11760,Variable
SystemOffNormalAlarmType_Message,11761,Variable
SystemOffNormalAlarmType_Severity,11762,Variable
SystemOffNormalAlarmType_ConditionClassId,11763,Variable
SystemOffNormalAlarmType_ConditionClassName,11764,Variable
SystemOffNormalAlarmType_ConditionName,11765,Variable
SystemOffNormalAlarmType_BranchId,11766,Variable
SystemOffNormalAlarmType_Retain,11767,Variable
SystemOffNormalAlarmType_EnabledState,11768,Variable
SystemOffNormalAlarmType_EnabledState_Id,11769,Variable
SystemOffNormalAlarmType_EnabledState_Name,11770,Variable
SystemOffNormalAlarmType_EnabledState_Number,11771,Variable
SystemOffNormalAlarmType_EnabledState_EffectiveDisplayName,11772,Variable
SystemOffNormalAlarmType_EnabledState_TransitionTime,11773,Variable
SystemOffNormalAlarmType_EnabledState_EffectiveTransitionTime,11774,Variable
SystemOffNormalAlarmType_EnabledState_TrueState,11775,Variable
SystemOffNormalAlarmType_EnabledState_FalseState,11776,Variable
SystemOffNormalAlarmType_Quality,11777,Variable
SystemOffNormalAlarmType_Quality_SourceTimestamp,11778,Variable
SystemOffNormalAlarmType_LastSeverity,11779,Variable
SystemOffNormalAlarmType_LastSeverity_SourceTimestamp,11780,Variable
SystemOffNormalAlarmType_Comment,11781,Variable
SystemOffNormalAlarmType_Comment_SourceTimestamp,11782,Variable
SystemOffNormalAlarmType_ClientUserId,11783,Variable
SystemOffNormalAlarmType_Disable,11784,Method
SystemOffNormalAlarmType_Enable,11785,Method
SystemOffNormalAlarmType_AddComment,11786,Method
SystemOffNormalAlarmType_AddComment_InputArguments,11787,Variable
SystemOffNormalAlarmType_ConditionRefresh,11788,Method
SystemOffNormalAlarmType_ConditionRefresh_InputArguments,11789,Variable
SystemOffNormalAlarmType_AckedState,11790,Variable
SystemOffNormalAlarmType_AckedState_Id,11791,Variable
SystemOffNormalAlarmType_AckedState_Name,11792,Variable
SystemOffNormalAlarmType_AckedState_Number,11793,Variable
SystemOffNormalAlarmType_AckedState_EffectiveDisplayName,11794,Variable
SystemOffNormalAlarmType_AckedState_TransitionTime,11795,Variable
SystemOffNormalAlarmType_AckedState_EffectiveTransitionTime,11796,Variable
SystemOffNormalAlarmType_AckedState_TrueState,11797,Variable
SystemOffNormalAlarmType_AckedState_FalseState,11798,Variable
SystemOffNormalAlarmType_ConfirmedState,11799,Variable
SystemOffNormalAlarmType_ConfirmedState_Id,11800,Variable
SystemOffNormalAlarmType_ConfirmedState_Name,11801,Variable
SystemOffNormalAlarmType_ConfirmedState_Number,11802,Variable
SystemOffNormalAlarmType_ConfirmedState_EffectiveDisplayName,11803,Variable
SystemOffNormalAlarmType_ConfirmedState_TransitionTime,11804,Variable
SystemOffNormalAlarmType_ConfirmedState_EffectiveTransitionTime,11805,Variable
SystemOffNormalAlarmType_ConfirmedState_TrueState,11806,Variable
SystemOffNormalAlarmType_ConfirmedState_FalseState,11807,Variable
SystemOffNormalAlarmType_Acknowledge,11808,Method
SystemOffNormalAlarmType_Acknowledge_InputArguments,11809,Variable
SystemOffNormalAlarmType_Confirm,11810,Method
SystemOffNormalAlarmType_Confirm_InputArguments,11811,Variable
SystemOffNormalAlarmType_ActiveState,11812,Variable
SystemOffNormalAlarmType_ActiveState_Id,11813,Variable
SystemOffNormalAlarmType_ActiveState_Name,11814,Variable
SystemOffNormalAlarmType_ActiveState_Number,11815,Variable
SystemOffNormalAlarmType_ActiveState_EffectiveDisplayName,11816,Variable
SystemOffNormalAlarmType_ActiveState_TransitionTime,11817,Variable
SystemOffNormalAlarmType_ActiveState_EffectiveTransitionTime,11818,Variable
SystemOffNormalAlarmType_ActiveState_TrueState,11819,Variable
SystemOffNormalAlarmType_ActiveState_FalseState,11820,Variable
SystemOffNormalAlarmType_InputNode,11821,Variable
SystemOffNormalAlarmType_SuppressedState,11822,Variable
SystemOffNormalAlarmType_SuppressedState_Id,11823,Variable
SystemOffNormalAlarmType_SuppressedState_Name,11824,Variable
SystemOffNormalAlarmType_SuppressedState_Number,11825,Variable
SystemOffNormalAlarmType_SuppressedState_EffectiveDisplayName,11826,Variable
SystemOffNormalAlarmType_SuppressedState_TransitionTime,11827,Variable
SystemOffNormalAlarmType_SuppressedState_EffectiveTransitionTime,11828,Variable
SystemOffNormalAlarmType_SuppressedState_TrueState,11829,Variable
SystemOffNormalAlarmType_SuppressedState_FalseState,11830,Variable
SystemOffNormalAlarmType_ShelvingState,11831,Object
SystemOffNormalAlarmType_ShelvingState_CurrentState,11832,Variable
SystemOffNormalAlarmType_ShelvingState_CurrentState_Id,11833,Variable
SystemOffNormalAlarmType_ShelvingState_CurrentState_Name,11834,Variable
SystemOffNormalAlarmType_ShelvingState_CurrentState_Number,11835,Variable
SystemOffNormalAlarmType_ShelvingState_CurrentState_EffectiveDisplayName,11836,Variable
SystemOffNormalAlarmType_ShelvingState_LastTransition,11837,Variable
SystemOffNormalAlarmType_ShelvingState_LastTransition_Id,11838,Variable
SystemOffNormalAlarmType_ShelvingState_LastTransition_Name,11839,Variable
SystemOffNormalAlarmType_ShelvingState_LastTransition_Number,11840,Variable
SystemOffNormalAlarmType_ShelvingState_LastTransition_TransitionTime,11841,Variable
SystemOffNormalAlarmType_ShelvingState_LastTransition_EffectiveTransitionTime,11842,Variable
SystemOffNormalAlarmType_ShelvingState_UnshelveTime,11843,Variable
SystemOffNormalAlarmType_ShelvingState_Unshelve,11844,Method
SystemOffNormalAlarmType_ShelvingState_OneShotShelve,11845,Method
SystemOffNormalAlarmType_ShelvingState_TimedShelve,11846,Method
SystemOffNormalAlarmType_ShelvingState_TimedShelve_InputArguments,11847,Variable
SystemOffNormalAlarmType_SuppressedOrShelved,11848,Variable
SystemOffNormalAlarmType_MaxTimeShelved,11849,Variable
SystemOffNormalAlarmType_NormalState,11850,Variable
AuditConditionCommentEventType_Comment,11851,Variable
AuditConditionRespondEventType_SelectedResponse,11852,Variable
AuditConditionAcknowledgeEventType_Comment,11853,Variable
AuditConditionConfirmEventType_Comment,11854,Variable
AuditConditionShelvingEventType_ShelvingTime,11855,Variable
AuditProgramTransitionEventType,11856,ObjectType
AuditProgramTransitionEventType_EventId,11857,Variable
AuditProgramTransitionEventType_EventType,11858,Variable
AuditProgramTransitionEventType_SourceNode,11859,Variable
AuditProgramTransitionEventType_SourceName,11860,Variable
AuditProgramTransitionEventType_Time,11861,Variable
AuditProgramTransitionEventType_ReceiveTime,11862,Variable
AuditProgramTransitionEventType_LocalTime,11863,Variable
AuditProgramTransitionEventType_Message,11864,Variable
AuditProgramTransitionEventType_Severity,11865,Variable
AuditProgramTransitionEventType_ActionTimeStamp,11866,Variable
AuditProgramTransitionEventType_Status,11867,Variable
AuditProgramTransitionEventType_ServerId,11868,Variable
AuditProgramTransitionEventType_ClientAuditEntryId,11869,Variable
AuditProgramTransitionEventType_ClientUserId,11870,Variable
AuditProgramTransitionEventType_MethodId,11871,Variable
AuditProgramTransitionEventType_InputArguments,11872,Variable
AuditProgramTransitionEventType_OldStateId,11873,Variable
AuditProgramTransitionEventType_NewStateId,11874,Variable
AuditProgramTransitionEventType_TransitionNumber,11875,Variable
HistoricalDataConfigurationType_AggregateFunctions,11876,Object
HAConfiguration_AggregateFunctions,11877,Object
NodeClass_EnumValues,11878,Variable
InstanceNode,11879,DataType
TypeNode,11880,DataType
NodeAttributesMask_EnumValues,11881,Variable
AttributeWriteMask_EnumValues,11882,Variable
BrowseResultMask_EnumValues,11883,Variable
HistoryUpdateType_EnumValues,11884,Variable
PerformUpdateType_EnumValues,11885,Variable
EnumeratedTestType_EnumValues,11886,Variable
InstanceNode_Encoding_DefaultXml,11887,Object
TypeNode_Encoding_DefaultXml,11888,Object
InstanceNode_Encoding_DefaultBinary,11889,Object
TypeNode_Encoding_DefaultBinary,11890,Object
SessionDiagnosticsObjectType_SessionDiagnostics_UnauthorizedRequestCount,11891,Variable
SessionDiagnosticsVariableType_UnauthorizedRequestCount,11892,Variable
OpenFileMode,11939,DataType
OpenFileMode_EnumValues,11940,Variable
ModelChangeStructureVerbMask,11941,DataType
ModelChangeStructureVerbMask_EnumValues,11942,Variable
EndpointUrlListDataType,11943,DataType
NetworkGroupDataType,11944,DataType
NonTransparentNetworkRedundancyType,11945,ObjectType
NonTransparentNetworkRedundancyType_RedundancySupport,11946,Variable
NonTransparentNetworkRedundancyType_ServerUriArray,11947,Variable
NonTransparentNetworkRedundancyType_ServerNetworkGroups,11948,Variable
EndpointUrlListDataType_Encoding_DefaultXml,11949,Object
NetworkGroupDataType_Encoding_DefaultXml,11950,Object
OpcUa_XmlSchema_EndpointUrlListDataType,11951,Variable
OpcUa_XmlSchema_EndpointUrlListDataType_DataTypeVersion,11952,Variable
OpcUa_XmlSchema_EndpointUrlListDataType_DictionaryFragment,11953,Variable
OpcUa_XmlSchema_NetworkGroupDataType,11954,Variable
OpcUa_XmlSchema_NetworkGroupDataType_DataTypeVersion,11955,Variable
OpcUa_XmlSchema_NetworkGroupDataType_DictionaryFragment,11956,Variable
EndpointUrlListDataType_Encoding_DefaultBinary,11957,Object
NetworkGroupDataType_Encoding_DefaultBinary,11958,Object
OpcUa_BinarySchema_EndpointUrlListDataType,11959,Variable
OpcUa_BinarySchema_EndpointUrlListDataType_DataTypeVersion,11960,Variable
OpcUa_BinarySchema_EndpointUrlListDataType_DictionaryFragment,11961,Variable
OpcUa_BinarySchema_NetworkGroupDataType,11962,Variable
OpcUa_BinarySchema_NetworkGroupDataType_DataTypeVersion,11963,Variable
OpcUa_BinarySchema_NetworkGroupDataType_DictionaryFragment,11964,Variable
ArrayItemType,12021,VariableType
ArrayItemType_Definition,12022,Variable
ArrayItemType_ValuePrecision,12023,Variable
ArrayItemType_InstrumentRange,12024,Variable
ArrayItemType_EURange,12025,Variable
ArrayItemType_EngineeringUnits,12026,Variable
ArrayItemType_Title,12027,Variable
ArrayItemType_AxisScaleType,12028,Variable
YArrayItemType,12029,VariableType
YArrayItemType_Definition,12030,Variable
YArrayItemType_ValuePrecision,12031,Variable
YArrayItemType_InstrumentRange,12032,Variable
YArrayItemType_EURange,12033,Variable
YArrayItemType_EngineeringUnits,12034,Variable
YArrayItemType_Title,12035,Variable
YArrayItemType_AxisScaleType,12036,Variable
YArrayItemType_XAxisDefinition,12037,Variable
XYArrayItemType,12038,VariableType
XYArrayItemType_Definition,12039,Variable
XYArrayItemType_ValuePrecision,12040,Variable
XYArrayItemType_InstrumentRange,12041,Variable
XYArrayItemType_EURange,12042,Variable
XYArrayItemType_EngineeringUnits,12043,Variable
XYArrayItemType_Title,12044,Variable
XYArrayItemType_AxisScaleType,12045,Variable
XYArrayItemType_XAxisDefinition,12046,Variable
ImageItemType,12047,VariableType
ImageItemType_Definition,12048,Variable
ImageItemType_ValuePrecision,12049,Variable
ImageItemType_InstrumentRange,12050,Variable
ImageItemType_EURange,12051,Variable
ImageItemType_EngineeringUnits,12052,Variable
ImageItemType_Title,12053,Variable
ImageItemType_AxisScaleType,12054,Variable
ImageItemType_XAxisDefinition,12055,Variable
ImageItemType_YAxisDefinition,12056,Variable
CubeItemType,12057,VariableType
CubeItemType_Definition,12058,Variable
CubeItemType_ValuePrecision,12059,Variable
CubeItemType_InstrumentRange,12060,Variable
CubeItemType_EURange,12061,Variable
CubeItemType_EngineeringUnits,12062,Variable
CubeItemType_Title,12063,Variable
CubeItemType_AxisScaleType,12064,Variable
CubeItemType_XAxisDefinition,12065,Variable
CubeItemType_YAxisDefinition,12066,Variable
CubeItemType_ZAxisDefinition,12067,Variable
NDimensionArrayItemType,12068,VariableType
NDimensionArrayItemType_Definition,12069,Variable
NDimensionArrayItemType_ValuePrecision,12070,Variable
NDimensionArrayItemType_InstrumentRange,12071,Variable
NDimensionArrayItemType_EURange,12072,Variable
NDimensionArrayItemType_EngineeringUnits,12073,Variable
NDimensionArrayItemType_Title,12074,Variable
NDimensionArrayItemType_AxisScaleType,12075,Variable
NDimensionArrayItemType_AxisDefinition,12076,Variable
AxisScaleEnumeration,12077,DataType
AxisScaleEnumeration_EnumStrings,12078,Variable
AxisInformation,12079,DataType
XVType,12080,DataType
AxisInformation_Encoding_DefaultXml,12081,Object
XVType_Encoding_DefaultXml,12082,Object
OpcUa_XmlSchema_AxisInformation,12083,Variable
OpcUa_XmlSchema_AxisInformation_DataTypeVersion,12084,Variable
OpcUa_XmlSchema_AxisInformation_DictionaryFragment,12085,Variable
OpcUa_XmlSchema_XVType,12086,Variable
OpcUa_XmlSchema_XVType_DataTypeVersion,12087,Variable
OpcUa_XmlSchema_XVType_DictionaryFragment,12088,Variable
AxisInformation_Encoding_DefaultBinary,12089,Object
XVType_Encoding_DefaultBinary,12090,Object
OpcUa_BinarySchema_AxisInformation,12091,Variable
OpcUa_BinarySchema_AxisInformation_DataTypeVersion,12092,Variable
OpcUa_BinarySchema_AxisInformation_DictionaryFragment,12093,Variable
OpcUa_BinarySchema_XVType,12094,Variable
OpcUa_BinarySchema_XVType_DataTypeVersion,12095,Variable
OpcUa_BinarySchema_XVType_DictionaryFragment,12096,Variable
SessionsDiagnosticsSummaryType_SessionPlaceholder,12097,Object
SessionsDiagnosticsSummaryType_SessionPlaceholder_SessionDiagnostics,12098,Variable
SessionsDiagnosticsSummaryType_SessionPlaceholder_SessionDiagnostics_SessionId,12099,Variable
SessionsDiagnosticsSummaryType_SessionPlaceholder_SessionDiagnostics_SessionName,12100,Variable
SessionsDiagnosticsSummaryType_SessionPlaceholder_SessionDiagnostics_ClientDescription,12101,Variable
SessionsDiagnosticsSummaryType_SessionPlaceholder_SessionDiagnostics_ServerUri,12102,Variable
SessionsDiagnosticsSummaryType_SessionPlaceholder_SessionDiagnostics_EndpointUrl,12103,Variable
SessionsDiagnosticsSummaryType_SessionPlaceholder_SessionDiagnostics_LocaleIds,12104,Variable
SessionsDiagnosticsSummaryType_SessionPlaceholder_SessionDiagnostics_ActualSessionTimeout,12105,Variable
SessionsDiagnosticsSummaryType_SessionPlaceholder_SessionDiagnostics_MaxResponseMessageSize,12106,Variable
SessionsDiagnosticsSummaryType_SessionPlaceholder_SessionDiagnostics_ClientConnectionTime,12107,Variable
SessionsDiagnosticsSummaryType_SessionPlaceholder_SessionDiagnostics_ClientLastContactTime,12108,Variable
SessionsDiagnosticsSummaryType_SessionPlaceholder_SessionDiagnostics_CurrentSubscriptionsCount,12109,Variable
SessionsDiagnosticsSummaryType_SessionPlaceholder_SessionDiagnostics_CurrentMonitoredItemsCount,12110,Variable
SessionsDiagnosticsSummaryType_SessionPlaceholder_SessionDiagnostics_CurrentPublishRequestsInQueue,12111,Variable
SessionsDiagnosticsSummaryType_SessionPlaceholder_SessionDiagnostics_TotalRequestCount,12112,Variable
SessionsDiagnosticsSummaryType_SessionPlaceholder_SessionDiagnostics_UnauthorizedRequestCount,12113,Variable
SessionsDiagnosticsSummaryType_SessionPlaceholder_SessionDiagnostics_ReadCount,12114,Variable
SessionsDiagnosticsSummaryType_SessionPlaceholder_SessionDiagnostics_HistoryReadCount,12115,Variable
SessionsDiagnosticsSummaryType_SessionPlaceholder_SessionDiagnostics_WriteCount,12116,Variable
SessionsDiagnosticsSummaryType_SessionPlaceholder_SessionDiagnostics_HistoryUpdateCount,12117,Variable
SessionsDiagnosticsSummaryType_SessionPlaceholder_SessionDiagnostics_CallCount,12118,Variable
SessionsDiagnosticsSummaryType_SessionPlaceholder_SessionDiagnostics_CreateMonitoredItemsCount,12119,Variable
SessionsDiagnosticsSummaryType_SessionPlaceholder_SessionDiagnostics_ModifyMonitoredItemsCount,12120,Variable
SessionsDiagnosticsSummaryType_SessionPlaceholder_SessionDiagnostics_SetMonitoringModeCount,12121,Variable
SessionsDiagnosticsSummaryType_SessionPlaceholder_SessionDiagnostics_SetTriggeringCount,12122,Variable
SessionsDiagnosticsSummaryType_SessionPlaceholder_SessionDiagnostics_DeleteMonitoredItemsCount,12123,Variable
SessionsDiagnosticsSummaryType_SessionPlaceholder_SessionDiagnostics_CreateSubscriptionCount,12124,Variable
SessionsDiagnosticsSummaryType_SessionPlaceholder_SessionDiagnostics_ModifySubscriptionCount,12125,Variable
SessionsDiagnosticsSummaryType_SessionPlaceholder_SessionDiagnostics_SetPublishingModeCount,12126,Variable
SessionsDiagnosticsSummaryType_SessionPlaceholder_SessionDiagnostics_PublishCount,12127,Variable
SessionsDiagnosticsSummaryType_SessionPlaceholder_SessionDiagnostics_RepublishCount,12128,Variable
SessionsDiagnosticsSummaryType_SessionPlaceholder_SessionDiagnostics_TransferSubscriptionsCount,12129,Variable
SessionsDiagnosticsSummaryType_SessionPlaceholder_SessionDiagnostics_DeleteSubscriptionsCount,12130,Variable
SessionsDiagnosticsSummaryType_SessionPlaceholder_SessionDiagnostics_AddNodesCount,12131,Variable
SessionsDiagnosticsSummaryType_SessionPlaceholder_SessionDiagnostics_AddReferencesCount,12132,Variable
SessionsDiagnosticsSummaryType_SessionPlaceholder_SessionDiagnostics_DeleteNodesCount,12133,Variable
SessionsDiagnosticsSummaryType_SessionPlaceholder_SessionDiagnostics_DeleteReferencesCount,12134,Variable
SessionsDiagnosticsSummaryType_SessionPlaceholder_SessionDiagnostics_BrowseCount,12135,Variable
SessionsDiagnosticsSummaryType_SessionPlaceholder_SessionDiagnostics_BrowseNextCount,12136,Variable
SessionsDiagnosticsSummaryType_SessionPlaceholder_SessionDiagnostics_TranslateBrowsePathsToNodeIdsCount,12137,Variable
SessionsDiagnosticsSummaryType_SessionPlaceholder_SessionDiagnostics_QueryFirstCount,12138,Variable
SessionsDiagnosticsSummaryType_SessionPlaceholder_SessionDiagnostics_QueryNextCount,12139,Variable
SessionsDiagnosticsSummaryType_SessionPlaceholder_SessionDiagnostics_RegisterNodesCount,12140,Variable
SessionsDiagnosticsSummaryType_SessionPlaceholder_SessionDiagnostics_UnregisterNodesCount,12141,Variable
SessionsDiagnosticsSummaryType_SessionPlaceholder_SessionSecurityDiagnostics,12142,Variable
SessionsDiagnosticsSummaryType_SessionPlaceholder_SessionSecurityDiagnostics_SessionId,12143,Variable
SessionsDiagnosticsSummaryType_SessionPlaceholder_SessionSecurityDiagnostics_ClientUserIdOfSession,12144,Variable
SessionsDiagnosticsSummaryType_SessionPlaceholder_SessionSecurityDiagnostics_ClientUserIdHistory,12145,Variable
SessionsDiagnosticsSummaryType_SessionPlaceholder_SessionSecurityDiagnostics_AuthenticationMechanism,12146,Variable
SessionsDiagnosticsSummaryType_SessionPlaceholder_SessionSecurityDiagnostics_Encoding,12147,Variable
SessionsDiagnosticsSummaryType_SessionPlaceholder_SessionSecurityDiagnostics_TransportProtocol,12148,Variable
SessionsDiagnosticsSummaryType_SessionPlaceholder_SessionSecurityDiagnostics_SecurityMode,12149,Variable
SessionsDiagnosticsSummaryType_SessionPlaceholder_SessionSecurityDiagnostics_SecurityPolicyUri,12150,Variable
SessionsDiagnosticsSummaryType_SessionPlaceholder_SessionSecurityDiagnostics_ClientCertificate,12151,Variable
SessionsDiagnosticsSummaryType_SessionPlaceholder_SubscriptionDiagnosticsArray,12152,Variable
ServerType_ServerCapabilities_OperationLimits_MaxNodesPerHistoryReadData,12153,Variable
ServerType_ServerCapabilities_OperationLimits_MaxNodesPerHistoryReadEvents,12154,Variable
ServerType_ServerCapabilities_OperationLimits_MaxNodesPerHistoryUpdateData,12155,Variable
ServerType_ServerCapabilities_OperationLimits_MaxNodesPerHistoryUpdateEvents,12156,Variable
ServerCapabilitiesType_OperationLimits_MaxNodesPerHistoryReadData,12157,Variable
ServerCapabilitiesType_OperationLimits_MaxNodesPerHistoryReadEvents,12158,Variable
ServerCapabilitiesType_OperationLimits_MaxNodesPerHistoryUpdateData,12159,Variable
ServerCapabilitiesType_OperationLimits_MaxNodesPerHistoryUpdateEvents,12160,Variable
OperationLimitsType_MaxNodesPerHistoryReadData,12161,Variable
OperationLimitsType_MaxNodesPerHistoryReadEvents,12162,Variable
OperationLimitsType_MaxNodesPerHistoryUpdateData,12163,Variable
OperationLimitsType_MaxNodesPerHistoryUpdateEvents,12164,Variable
Server_ServerCapabilities_OperationLimits_MaxNodesPerHistoryReadData,12165,Variable
Server_ServerCapabilities_OperationLimits_MaxNodesPerHistoryReadEvents,12166,Variable
Server_ServerCapabilities_OperationLimits_MaxNodesPerHistoryUpdateData,12167,Variable
Server_ServerCapabilities_OperationLimits_MaxNodesPerHistoryUpdateEvents,12168,Variable
NamingRuleType_EnumValues,12169,Variable
ViewVersion,12170,Variable
ComplexNumberType,12171,DataType
DoubleComplexNumberType,12172,DataType
ComplexNumberType_Encoding_DefaultXml,12173,Object
DoubleComplexNumberType_Encoding_DefaultXml,12174,Object
OpcUa_XmlSchema_ComplexNumberType,12175,Variable
OpcUa_XmlSchema_ComplexNumberType_DataTypeVersion,12176,Variable
OpcUa_XmlSchema_ComplexNumberType_DictionaryFragment,12177,Variable
OpcUa_XmlSchema_DoubleComplexNumberType,12178,Variable
OpcUa_XmlSchema_DoubleComplexNumberType_DataTypeVersion,12179,Variable
OpcUa_XmlSchema_DoubleComplexNumberType_DictionaryFragment,12180,Variable
ComplexNumberType_Encoding_DefaultBinary,12181,Object
DoubleComplexNumberType_Encoding_DefaultBinary,12182,Object
OpcUa_BinarySchema_ComplexNumberType,12183,Variable
OpcUa_BinarySchema_ComplexNumberType_DataTypeVersion,12184,Variable
OpcUa_BinarySchema_ComplexNumberType_DictionaryFragment,12185,Variable
OpcUa_BinarySchema_DoubleComplexNumberType,12186,Variable
OpcUa_BinarySchema_DoubleComplexNumberType_DataTypeVersion,12187,Variable
OpcUa_BinarySchema_DoubleComplexNumberType_DictionaryFragment,12188,Variable
ServerOnNetwork,12189,DataType
FindServersOnNetworkRequest,12190,DataType
FindServersOnNetworkResponse,12191,DataType
RegisteredServer2,12192,DataType
RegisterServer2Request,12193,DataType
RegisterServer2Response,12194,DataType
ServerOnNetwork_Encoding_DefaultXml,12195,Object
FindServersOnNetworkRequest_Encoding_DefaultXml,12196,Object
FindServersOnNetworkResponse_Encoding_DefaultXml,12197,Object
RegisteredServer2_Encoding_DefaultXml,12198,Object
RegisterServer2Request_Encoding_DefaultXml,12199,Object
RegisterServer2Response_Encoding_DefaultXml,12200,Object
OpcUa_XmlSchema_ServerOnNetwork,12201,Variable
OpcUa_XmlSchema_ServerOnNetwork_DataTypeVersion,12202,Variable
OpcUa_XmlSchema_ServerOnNetwork_DictionaryFragment,12203,Variable
OpcUa_XmlSchema_RegisteredServer2,12204,Variable
OpcUa_XmlSchema_RegisteredServer2_DataTypeVersion,12205,Variable
OpcUa_XmlSchema_RegisteredServer2_DictionaryFragment,12206,Variable
ServerOnNetwork_Encoding_DefaultBinary,12207,Object
FindServersOnNetworkRequest_Encoding_DefaultBinary,12208,Object
FindServersOnNetworkResponse_Encoding_DefaultBinary,12209,Object
RegisteredServer2_Encoding_DefaultBinary,12210,Object
RegisterServer2Request_Encoding_DefaultBinary,12211,Object
RegisterServer2Response_Encoding_DefaultBinary,12212,Object
OpcUa_BinarySchema_ServerOnNetwork,12213,Variable
OpcUa_BinarySchema_ServerOnNetwork_DataTypeVersion,12214,Variable
OpcUa_BinarySchema_ServerOnNetwork_DictionaryFragment,12215,Variable
OpcUa_BinarySchema_RegisteredServer2,12216,Variable
OpcUa_BinarySchema_RegisteredServer2_DataTypeVersion,12217,Variable
OpcUa_BinarySchema_RegisteredServer2_DictionaryFragment,12218,Variable
ProgressEventType_Context,12502,Variable
ProgressEventType_Progress,12503,Variable
KerberosIdentityToken,12504,DataType
KerberosIdentityToken_Encoding_DefaultXml,12505,Object
OpcUa_XmlSchema_KerberosIdentityToken,12506,Variable
OpcUa_XmlSchema_KerberosIdentityToken_DataTypeVersion,12507,Variable
OpcUa_XmlSchema_KerberosIdentityToken_DictionaryFragment,12508,Variable
KerberosIdentityToken_Encoding_DefaultBinary,12509,Object
OpcUa_BinarySchema_KerberosIdentityToken,12510,Variable
OpcUa_BinarySchema_KerberosIdentityToken_DataTypeVersion,12511,Variable
OpcUa_BinarySchema_KerberosIdentityToken_DictionaryFragment,12512,Variable
OpenWithMasksMethodType,12513,Method
OpenWithMasksMethodType_InputArguments,12514,Variable
OpenWithMasksMethodType_OutputArguments,12515,Variable
CloseAndUpdateMethodType,12516,Method
CloseAndUpdateMethodType_OutputArguments,12517,Variable
AddCertificateMethodType,12518,Method
AddCertificateMethodType_InputArguments,12519,Variable
RemoveCertificateMethodType,12520,Method
RemoveCertificateMethodType_InputArguments,12521,Variable
TrustListType,12522,ObjectType
TrustListType_Size,12523,Variable
TrustListType_OpenCount,12526,Variable
TrustListType_Open,12527,Method
TrustListType_Open_InputArguments,12528,Variable
TrustListType_Open_OutputArguments,12529,Variable
TrustListType_Close,12530,Method
TrustListType_Close_InputArguments,12531,Variable
TrustListType_Read,12532,Method
TrustListType_Read_InputArguments,12533,Variable
TrustListType_Read_OutputArguments,12534,Variable
TrustListType_Write,12535,Method
TrustListType_Write_InputArguments,12536,Variable
TrustListType_GetPosition,12537,Method
TrustListType_GetPosition_InputArguments,12538,Variable
TrustListType_GetPosition_OutputArguments,12539,Variable
TrustListType_SetPosition,12540,Method
TrustListType_SetPosition_InputArguments,12541,Variable
TrustListType_LastUpdateTime,12542,Variable
TrustListType_OpenWithMasks,12543,Method
TrustListType_OpenWithMasks_InputArguments,12544,Variable
TrustListType_OpenWithMasks_OutputArguments,12545,Variable
TrustListType_CloseAndUpdate,12546,Method
TrustListType_CloseAndUpdate_OutputArguments,12547,Variable
TrustListType_AddCertificate,12548,Method
TrustListType_AddCertificate_InputArguments,12549,Variable
TrustListType_RemoveCertificate,12550,Method
TrustListType_RemoveCertificate_InputArguments,12551,Variable
TrustListMasks,12552,DataType
TrustListMasks_EnumValues,12553,Variable
TrustListDataType,12554,DataType
AuthorityType,12555,ObjectType
CertificateType,12556,ObjectType
ApplicationCertificateType,12557,ObjectType
HttpsCertificateType,12558,ObjectType
RsaBasicApplicationCertificateType,12559,ObjectType
Rsa2084ApplicationCertificateType,12560,ObjectType
TrustListUpdatedAuditEventType,12561,ObjectType
TrustListUpdatedAuditEventType_EventId,12562,Variable
TrustListUpdatedAuditEventType_EventType,12563,Variable
TrustListUpdatedAuditEventType_SourceNode,12564,Variable
TrustListUpdatedAuditEventType_SourceName,12565,Variable
TrustListUpdatedAuditEventType_Time,12566,Variable
TrustListUpdatedAuditEventType_ReceiveTime,12567,Variable
TrustListUpdatedAuditEventType_LocalTime,12568,Variable
TrustListUpdatedAuditEventType_Message,12569,Variable
TrustListUpdatedAuditEventType_Severity,12570,Variable
TrustListUpdatedAuditEventType_ActionTimeStamp,12571,Variable
TrustListUpdatedAuditEventType_Status,12572,Variable
TrustListUpdatedAuditEventType_ServerId,12573,Variable
TrustListUpdatedAuditEventType_ClientAuditEntryId,12574,Variable
TrustListUpdatedAuditEventType_ClientUserId,12575,Variable
TrustListUpdatedAuditEventType_MethodId,12576,Variable
TrustListUpdatedAuditEventType_InputArguments,12577,Variable
UpdateCertificateMethodType,12578,Method
UpdateCertificateMethodType_InputArguments,12579,Variable
UpdateCertificateMethodType_OutputArguments,12580,Variable
ServerConfigurationType,12581,ObjectType
ServerConfigurationType_SupportedPrivateKeyFormats,12583,Variable
ServerConfigurationType_MaxTrustListSize,12584,Variable
ServerConfigurationType_MulticastDnsEnabled,12585,Variable
ServerConfigurationType_TrustList,12586,Object
ServerConfigurationType_TrustList_Size,12587,Variable
ServerConfigurationType_TrustList_OpenCount,12590,Variable
ServerConfigurationType_TrustList_Open,12591,Method
ServerConfigurationType_TrustList_Open_InputArguments,12592,Variable
ServerConfigurationType_TrustList_Open_OutputArguments,12593,Variable
ServerConfigurationType_TrustList_Close,12594,Method
ServerConfigurationType_TrustList_Close_InputArguments,12595,Variable
ServerConfigurationType_TrustList_Read,12596,Method
ServerConfigurationType_TrustList_Read_InputArguments,12597,Variable
ServerConfigurationType_TrustList_Read_OutputArguments,12598,Variable
ServerConfigurationType_TrustList_Write,12599,Method
ServerConfigurationType_TrustList_Write_InputArguments,12600,Variable
ServerConfigurationType_TrustList_GetPosition,12601,Method
ServerConfigurationType_TrustList_GetPosition_InputArguments,12602,Variable
ServerConfigurationType_TrustList_GetPosition_OutputArguments,12603,Variable
ServerConfigurationType_TrustList_SetPosition,12604,Method
ServerConfigurationType_TrustList_SetPosition_InputArguments,12605,Variable
ServerConfigurationType_TrustList_LastUpdateTime,12606,Variable
ServerConfigurationType_TrustList_OpenWithMasks,12607,Method
ServerConfigurationType_TrustList_OpenWithMasks_InputArguments,12608,Variable
ServerConfigurationType_TrustList_OpenWithMasks_OutputArguments,12609,Variable
ServerConfigurationType_TrustList_CloseAndUpdate,12610,Method
ServerConfigurationType_TrustList_CloseAndUpdate_OutputArguments,12611,Variable
ServerConfigurationType_TrustList_AddCertificate,12612,Method
ServerConfigurationType_TrustList_AddCertificate_InputArguments,12613,Variable
ServerConfigurationType_TrustList_RemoveCertificate,12614,Method
ServerConfigurationType_TrustList_RemoveCertificate_InputArguments,12615,Variable
ServerConfigurationType_UpdateCertificate,12616,Method
ServerConfigurationType_UpdateCertificate_InputArguments,12617,Variable
ServerConfigurationType_UpdateCertificate_OutputArguments,12618,Variable
ServerConfigurationType_Restart,12619,Method
CertificateUpdatedAuditEventType,12620,ObjectType
CertificateUpdatedAuditEventType_EventId,12621,Variable
CertificateUpdatedAuditEventType_EventType,12622,Variable
CertificateUpdatedAuditEventType_SourceNode,12623,Variable
CertificateUpdatedAuditEventType_SourceName,12624,Variable
CertificateUpdatedAuditEventType_Time,12625,Variable
CertificateUpdatedAuditEventType_ReceiveTime,12626,Variable
CertificateUpdatedAuditEventType_LocalTime,12627,Variable
CertificateUpdatedAuditEventType_Message,12628,Variable
CertificateUpdatedAuditEventType_Severity,12629,Variable
CertificateUpdatedAuditEventType_ActionTimeStamp,12630,Variable
CertificateUpdatedAuditEventType_Status,12631,Variable
CertificateUpdatedAuditEventType_ServerId,12632,Variable
CertificateUpdatedAuditEventType_ClientAuditEntryId,12633,Variable
CertificateUpdatedAuditEventType_ClientUserId,12634,Variable
CertificateUpdatedAuditEventType_MethodId,12635,Variable
CertificateUpdatedAuditEventType_InputArguments,12636,Variable
ServerConfiguration,12637,Object
ServerConfiguration_SupportedPrivateKeyFormats,12639,Variable
ServerConfiguration_MaxTrustListSize,12640,Variable
ServerConfiguration_MulticastDnsEnabled,12641,Variable
ServerConfiguration_TrustList,12642,Object
ServerConfiguration_TrustList_Size,12643,Variable
ServerConfiguration_TrustList_OpenCount,12646,Variable
ServerConfiguration_TrustList_Open,12647,Method
ServerConfiguration_TrustList_Open_InputArguments,12648,Variable
ServerConfiguration_TrustList_Open_OutputArguments,12649,Variable
ServerConfiguration_TrustList_Close,12650,Method
ServerConfiguration_TrustList_Close_InputArguments,12651,Variable
ServerConfiguration_TrustList_Read,12652,Method
ServerConfiguration_TrustList_Read_InputArguments,12653,Variable
ServerConfiguration_TrustList_Read_OutputArguments,12654,Variable
ServerConfiguration_TrustList_Write,12655,Method
ServerConfiguration_TrustList_Write_InputArguments,12656,Variable
ServerConfiguration_TrustList_GetPosition,12657,Method
ServerConfiguration_TrustList_GetPosition_InputArguments,12658,Variable
ServerConfiguration_TrustList_GetPosition_OutputArguments,12659,Variable
ServerConfiguration_TrustList_SetPosition,12660,Method
ServerConfiguration_TrustList_SetPosition_InputArguments,12661,Variable
ServerConfiguration_TrustList_LastUpdateTime,12662,Variable
ServerConfiguration_TrustList_OpenWithMasks,12663,Method
ServerConfiguration_TrustList_OpenWithMasks_InputArguments,12664,Variable
ServerConfiguration_TrustList_OpenWithMasks_OutputArguments,12665,Variable
ServerConfiguration_TrustList_CloseAndUpdate,12666,Method
ServerConfiguration_TrustList_CloseAndUpdate_OutputArguments,12667,Variable
ServerConfiguration_TrustList_AddCertificate,12668,Method
ServerConfiguration_TrustList_AddCertificate_InputArguments,12669,Variable
ServerConfiguration_TrustList_RemoveCertificate,12670,Method
ServerConfiguration_TrustList_RemoveCertificate_InputArguments,12671,Variable
ServerConfiguration_UpdateCertificate,12672,Method
ServerConfiguration_UpdateCertificate_InputArguments,12673,Variable
ServerConfiguration_UpdateCertificate_OutputArguments,12674,Variable
ServerConfiguration_Restart,12675,Method
TrustListDataType_Encoding_DefaultXml,12676,Object
OpcUa_XmlSchema_TrustListDataType,12677,Variable
OpcUa_XmlSchema_TrustListDataType_DataTypeVersion,12678,Variable
OpcUa_XmlSchema_TrustListDataType_DictionaryFragment,12679,Variable
TrustListDataType_Encoding_DefaultBinary,12680,Object
OpcUa_BinarySchema_TrustListDataType,12681,Variable
OpcUa_BinarySchema_TrustListDataType_DataTypeVersion,12682,Variable
OpcUa_BinarySchema_TrustListDataType_DictionaryFragment,12683,Variable
ServerType_Namespaces_AddressSpaceFile_Writable,12684,Variable
ServerType_Namespaces_AddressSpaceFile_UserWritable,12685,Variable
FileType_Writable,12686,Variable
FileType_UserWritable,12687,Variable
AddressSpaceFileType_Writable,12688,Variable
AddressSpaceFileType_UserWritable,12689,Variable
NamespaceMetadataType_NamespaceFile_Writable,12690,Variable
NamespaceMetadataType_NamespaceFile_UserWritable,12691,Variable
NamespacesType_NamespaceIdentifier_NamespaceFile_Writable,12692,Variable
NamespacesType_NamespaceIdentifier_NamespaceFile_UserWritable,12693,Variable
NamespacesType_AddressSpaceFile_Writable,12694,Variable
NamespacesType_AddressSpaceFile_UserWritable,12695,Variable
Server_Namespaces_AddressSpaceFile_Writable,12696,Variable
Server_Namespaces_AddressSpaceFile_UserWritable,12697,Variable
TrustListType_Writable,12698,Variable
TrustListType_UserWritable,12699,Variable
ServerConfigurationType_TrustList_Writable,12700,Variable
ServerConfigurationType_TrustList_UserWritable,12701,Variable
ServerConfiguration_TrustList_Writable,12702,Variable
ServerConfiguration_TrustList_UserWritable,12703,Variable
CloseAndUpdateMethodType_InputArguments,12704,Variable
TrustListType_CloseAndUpdate_InputArguments,12705,Variable
ServerConfigurationType_TrustList_CloseAndUpdate_InputArguments,12706,Variable
ServerConfiguration_TrustList_CloseAndUpdate_InputArguments,12707,Variable
ServerConfigurationType_ServerCapabilities,12708,Variable
ServerConfigurationType_SupportedCertificateTypes,12709,Variable
ServerConfiguration_ServerCapabilities,12710,Variable
ServerConfiguration_SupportedCertificateTypes,12711,Variable
OpcUa_XmlSchema_RelativePathElement,12712,Variable
OpcUa_XmlSchema_RelativePathElement_DataTypeVersion,12713,Variable
OpcUa_XmlSchema_RelativePathElement_DictionaryFragment,12714,Variable
OpcUa_XmlSchema_RelativePath,12715,Variable
OpcUa_XmlSchema_RelativePath_DataTypeVersion,12716,Variable
OpcUa_XmlSchema_RelativePath_DictionaryFragment,12717,Variable
OpcUa_BinarySchema_RelativePathElement,12718,Variable
OpcUa_BinarySchema_RelativePathElement_DataTypeVersion,12719,Variable
OpcUa_BinarySchema_RelativePathElement_DictionaryFragment,12720,Variable
OpcUa_BinarySchema_RelativePath,12721,Variable
OpcUa_BinarySchema_RelativePath_DataTypeVersion,12722,Variable
OpcUa_BinarySchema_RelativePath_DictionaryFragment,12723,Variable
